股票代號    公司簡稱    開盤        最高        最低        昨收        漲停價      跌停價      當盤成交價  當盤成交量  累積成交量  
2302        麗正        7.15        7.29        7.15        7.12        7.83        6.41        7.20        5           149         
2303        聯電        16.10       16.25       16.05       16.15       17.75       14.55       16.10       3362        30043       
2329        華泰        13.15       13.35       13.05       13.05       14.35       11.75       13.25       70          1767        
2330        台積電      322.50      327.00      322.00      322.00      354.00      290.00      326.50      5570        38610       
2337        旺宏        35.80       36.80       34.55       38.15       41.95       34.35       35.35       6104        211454      
2338        光罩        31.10       31.40       30.85       30.90       33.95       27.85       31.10       141         2388        
2342        茂矽        21.55       22.45       21.10       21.60       23.75       19.45       21.90       403         8374        
2344        華邦電      16.50       16.55       16.15       16.60       18.25       14.95       16.45       1027        30840       
2351        順德        62.50       63.40       62.40       62.40       68.60       56.20       62.50       6           440         
2363        矽統        7.82        7.88        7.80        7.80        8.58        7.02        7.87        79          685         
2369        菱生        10.40       10.80       10.35       10.40       11.40       9.36        10.55       175         3645        
2379        瑞昱        251.50      256.50      251.00      252.00      277.00      227.00      254.50      95          1502        
2388        威盛        30.90       31.25       30.55       30.75       33.80       27.70       30.75       36          825         
2401        凌陽        11.95       12.10       11.85       11.85       13.00       10.70       11.95       34          958         
2408        南亞科      83.90       85.40       82.10       83.80       92.10       75.50       84.80       531         12060       
2434        統懋        7.03        7.03        7.02        7.10        7.81        6.39        -           -           38          
2436        偉詮電      22.85       23.10       22.85       22.90       25.15       20.65       23.00       14          236         
2441        超豐        48.60       49.05       48.50       48.60       53.40       43.75       48.50       20          717         
2449        京元電子    34.80       34.85       34.30       34.70       38.15       31.25       34.70       536         4646        
2451        創見        79.50       80.10       79.20       79.90       87.80       72.00       79.50       31          572         
2454        聯發科      395.00      396.00      387.50      392.00      431.00      353.00      388.50      750         8991        
2458        義隆        88.50       89.50       88.40       88.00       96.80       79.20       88.50       415         3198        
2481        強茂        25.10       25.25       24.90       25.00       27.50       22.50       25.15       57          1091        
3006        晶豪科      36.20       36.20       35.60       35.80       39.35       32.25       35.70       194         1736        
3014        聯陽        41.60       41.85       41.40       41.55       45.70       37.40       41.50       15          702         
3016        嘉晶        51.30       52.70       51.10       51.00       56.10       45.90       52.10       451         6699        
3034        聯詠        211.50      213.50      210.50      212.00      233.00      191.00      213.00      302         3624        
3035        智原        48.80       49.05       48.25       48.90       53.70       44.05       48.60       154         2079        
3041        揚智        17.15       17.65       17.15       17.15       18.85       15.45       17.45       78          1858        
3054        立萬利      24.70       25.10       24.60       25.15       27.65       22.65       24.75       1           31          
3094        聯傑        18.05       18.10       17.95       18.00       19.80       16.20       18.10       7           213         
3189        景碩        52.90       54.00       52.40       52.40       57.60       47.20       53.70       195         5627        
3257        虹冠電      55.80       55.80       55.00       55.20       60.70       49.70       55.20       3           96          
3413        京鼎        190.00      193.00      186.00      187.00      205.50      168.50      186.00      159         1806        
3443        創意        242.00      242.50      237.00      239.50      263.00      216.00      238.00      65          1054        
3530        晶相光      113.50      114.50      110.00      112.50      123.50      101.50      111.50      558         9724        
3532        台勝科      134.00      144.00      132.50      131.00      144.00      118.00      144.00      45          12481       
3536        誠創        4.76        5.08        4.76        4.76        5.23        4.29        5.03        7           64          
3545        敦泰        31.95       31.95       30.90       31.60       34.75       28.45       31.80       791         11238       
3583        辛耘        56.20       57.10       56.10       56.10       61.70       50.50       56.80       3           139         
3588        通嘉        28.00       28.70       27.80       27.85       30.60       25.10       28.45       4           352         
3661        世芯-KY     211.50      217.00      211.50      208.00      228.50      187.50      216.50      575         5420        
3686        達能        4.17        4.30        4.17        4.27        4.69        3.85        4.29        2           27          
3711        日月光投控  74.70       77.90       74.70       75.60       83.10       68.10       76.40       983         8596        
4919        新唐        41.05       42.45       41.05       41.05       45.15       36.95       42.20       25          1045        
4952        凌通        30.70       30.80       30.55       30.55       33.60       27.50       30.65       2           63          
4961        天鈺        34.15       34.65       34.15       34.10       37.50       30.70       34.50       6           488         
4967        十銓        38.90       39.65       38.25       38.50       42.35       34.65       39.30       263         4578        
4968        立積        163.50      166.50      162.00      163.50      179.50      147.50      164.50      221         2085        
5269        祥碩        910.00      930.00      898.00      895.00      984.00      806.00      902.00      66          963         
5285        界霖        58.50       59.40       58.50       58.40       64.20       52.60       58.90       9           122         
5305        敦南        41.05       41.10       41.00       41.05       45.15       36.95       41.10       1           252         
5471        松翰        34.10       34.20       33.80       33.90       37.25       30.55       33.95       35          454         
6202        盛群        68.90       69.00       67.60       68.90       75.70       62.10       68.40       54          837         
6239        力成        111.50      115.00      111.50      113.00      124.00      102.00      114.00      279         4356        
6243        迅杰        9.60        9.74        9.45        9.60        10.55       8.64        9.60        3           295         
6257        矽格        35.90       36.00       35.60       35.85       39.40       32.30       35.75       71          2595        
6271        同欣電      157.00      158.50      154.50      157.00      172.50      141.50      157.50      224         3461        
6415        矽力-KY     1025.00     1110.00     1025.00     1010.00     1110.00     909.00      1100.00     25          823         
6451        訊芯-KY     137.00      141.00      136.50      136.00      149.50      122.50      139.00      96          1730        
6525        捷敏-KY     59.60       60.30       59.40       59.60       65.50       53.70       60.10       3           129         
6531        愛普        118.00      118.50      114.50      115.00      126.50      103.50      116.00      136         1624        
6533        晶心科      117.00      118.00      115.50      116.50      128.00      105.00      117.00      17          415         
6552        易華電      73.80       73.90       72.80       73.20       80.50       65.90       72.80       45          759         
6573        虹揚-KY     21.20       21.20       20.95       20.85       22.90       18.80       20.95       1           17          
8016        矽創        161.50      165.50      159.00      160.50      176.50      144.50      162.00      65          2177        
8028        昇陽半導體  65.50       66.20       65.00       65.70       72.20       59.20       66.00       36          745         
8081        致新        119.50      122.50      118.50      117.50      129.00      106.00      121.50      96          2601        
8110        華東        10.85       10.95       10.75       10.75       11.80       9.68        10.80       38          688         
8131        福懋科      41.25       41.60       40.80       40.90       44.95       36.85       41.05       54          1200        
8150        南茂        31.20       31.30       31.00       31.25       34.35       28.15       31.10       367         2860        
8261        富鼎        25.90       26.70       25.90       25.75       28.30       23.20       26.70       43          298         
8271        宇瞻        44.15       44.40       43.50       44.05       48.45       39.65       44.00       89          1688        
2301        光寶科      47.10       47.85       47.05       47.05       51.70       42.35       47.65       427         3028        
2305        全友        6.01        6.05        5.99        5.99        6.58        5.40        6.05        1           71          
2324        仁寶        18.35       18.45       18.30       18.40       20.20       16.60       18.35       768         10524       
2331        精英        12.10       12.15       11.95       12.00       13.20       10.80       12.05       8           1024        
2352        佳世達      19.85       20.00       19.80       19.85       21.80       17.90       19.85       425         2752        
2353        宏        16.75       17.40       16.75       16.65       18.30       15.00       17.25       655         12586       
2356        英業達      22.85       23.10       22.85       23.00       25.30       20.70       23.05       513         5670        
2357        華碩        215.00      220.00      215.00      215.50      237.00      194.00      217.00      91          771         
2362        藍天        31.90       32.15       31.75       31.70       34.85       28.55       32.00       29          247         
2364        倫飛        2.03        2.03        2.03        2.14        2.35        1.93        -           -           3           
2365        昆盈        7.81        7.87        7.80        7.80        8.58        7.02        7.84        3           198         
2376        技嘉        59.00       60.30       57.70       58.30       64.10       52.50       57.70       1117        19297       
2377        微星        95.30       96.40       95.10       94.90       104.00      85.50       95.80       145         2649        
2380        虹光        3.81        3.85        3.75        3.78        4.15        3.41        3.85        18          309         
2382        廣達        63.00       63.50       62.50       63.10       69.40       56.80       63.30       91          4325        
2387        精元        35.35       35.75       35.00       35.15       38.65       31.65       35.70       102         1196        
2395        研華        310.00      314.00      309.00      310.00      341.00      279.00      309.50      57          425         
2397        友通        81.00       81.70       80.80       80.70       88.70       72.70       -           -           34          
2399        映泰        10.75       10.95       10.75       10.70       11.75       9.63        10.95       46          786         
2405        浩鑫        10.80       10.90       10.75       10.85       11.90       9.77        10.80       37          1130        
2417        圓剛        12.30       12.40       11.90       12.30       13.50       11.10       12.25       333         6786        
2424        隴華        -           -           -           30.50       33.55       27.45       -           -           -           
2425        承啟        30.45       30.95       30.10       30.25       33.25       27.25       30.10       20          399         
2442        新美齊      9.84        9.85        9.78        9.79        10.75       8.82        9.80        35          491         
2465        麗臺        10.50       10.60       10.45       10.35       11.35       9.32        10.45       5           99          
3002        歐格        10.40       10.50       10.40       10.40       11.40       9.36        10.50       1           19          
3005        神基        52.00       52.00       50.60       52.00       57.20       46.80       51.30       146         1926        
3013        晟銘電      12.00       12.40       12.00       12.05       13.25       10.85       12.40       19          289         
3017        奇鋐        35.10       35.20       34.60       34.80       38.25       31.35       34.75       262         3523        
3022        威強電      47.50       48.00       47.50       47.50       52.20       42.75       47.80       2           39          
3046        建        14.15       14.30       14.05       14.20       15.60       12.80       -           -           19          
3057        喬鼎        6.30        6.42        6.30        6.31        6.94        5.68        6.37        2           120         
3060        銘異        14.45       14.55       13.60       13.55       14.90       12.20       14.00       213         8310        
3231        緯創        27.85       28.35       27.80       27.85       30.60       25.10       28.10       339         7460        
3416        融程電      55.30       55.40       55.00       55.20       60.70       49.70       55.40       4           154         
3494        誠研        4.47        4.47        4.39        4.45        4.89        4.01        4.39        4           111         
3515        華擎        108.50      109.00      103.50      108.50      119.00      97.70       105.50      259         5468        
3701        大眾控      13.70       13.85       13.70       13.60       14.95       12.25       13.85       1           3           
3706        神達        31.90       33.65       31.85       31.60       34.75       28.45       33.50       1763        45279       
3712        永崴投控    17.10       17.35       17.05       17.10       18.80       15.40       17.35       12          255         
4916        事欣科      29.20       29.80       29.20       29.20       32.10       26.30       29.70       15          203         
4938        和碩        65.90       67.20       65.60       66.00       72.60       59.40       66.70       205         6765        
5215        科嘉-KY     61.70       62.80       61.30       61.80       67.90       54.80       61.90       10          253         
5258        虹堡        27.10       27.45       27.10       27.10       29.80       24.40       27.15       19          308         
5264        鎧勝-KY     44.60       45.20       43.45       44.55       49.00       40.10       43.70       47          1900        
6117        迎廣        14.65       14.75       14.60       14.65       16.10       13.20       14.75       1           22          
6128        上福        29.65       29.70       29.60       29.40       32.30       26.50       -           -           30          
6166        凌華        56.00       56.10       55.90       55.90       61.40       50.40       56.00       9           685         
6172        互億        20.30       20.65       20.10       20.45       22.45       18.45       20.60       39          592         
6206        飛捷        75.40       76.50       75.30       75.20       82.70       67.70       75.70       7           358         
6230        超眾        244.00      244.00      238.00      240.00      264.00      216.00      239.00      73          814         
6235        華孚        12.00       12.10       12.00       12.00       13.20       10.80       12.00       1           36          
6277        宏正        85.20       85.60       84.90       85.20       93.70       76.70       -           -           115         
6414        樺漢        233.00      237.50      231.50      230.50      253.50      207.50      235.50      33          918         
6579        研揚        70.60       70.60       69.90       70.00       77.00       63.00       -           -           9           
6591        動力-KY     50.80       51.80       50.50       50.50       55.50       45.45       51.40       11          253         
6669        緯穎        726.00      767.00      726.00      735.00      808.00      662.00      761.00      148         2405        
8114        振樺電      101.00      102.00      101.00      101.00      111.00      90.90       101.00      2           84          
8163        達方        39.00       39.45       39.00       38.95       42.80       35.10       39.20       86          1064        
8210        勤誠        96.40       97.90       96.20       95.90       105.00      86.40       97.60       30          628         
9912        偉聯        7.89        7.99        7.86        7.86        8.64        7.08        7.99        5           13          
2323        中環        9.20        9.32        9.05        9.19        10.10       8.28        9.05        1435        17991       
2340        光磊        23.90       24.20       23.80       23.80       26.15       21.45       23.80       99          1734        
2349        錸德        5.98        5.99        5.88        5.94        6.53        5.35        5.90        187         2966        
2374        佳能        14.05       14.25       14.05       14.05       15.45       12.65       14.15       4           171         
2393        億光        35.10       35.40       34.55       35.05       38.55       31.55       35.00       80          1472        
2406        國碩        13.85       14.10       13.65       13.65       15.00       12.30       13.75       246         4387        
2409        友達        10.70       10.85       10.60       10.50       11.55       9.45        10.80       3474        83763       
2426        鼎元        13.65       13.75       13.55       13.65       15.00       12.30       13.65       27          803         
2438        翔耀        6.79        6.96        6.56        6.98        7.67        6.29        6.79        5           120         
2448        晶電        32.05       32.25       31.65       31.90       35.05       28.75       32.00       582         13192       
2466        冠西電      34.80       34.95       34.65       34.80       38.25       31.35       34.85       2           58          
2486        一詮        8.10        8.22        8.10        8.13        8.94        7.32        8.12        15          249         
2489        瑞軒        9.66        9.78        9.65        9.67        10.60       8.71        9.74        13          995         
2491        吉祥全      10.35       10.55       10.25       10.25       11.25       9.23        10.55       7           39          
2499        東貝        6.20        6.25        6.15        6.22        6.84        5.60        6.22        46          709         
3008        大立光      4675.00     4760.00     4635.00     4630.00     5090.00     4170.00     4725.00     34          520         
3019        亞光        89.00       92.50       87.70       88.30       97.10       79.50       92.10       499         9237        
3024        憶聲        7.80        7.89        7.75        7.82        8.60        7.04        7.89        27          191         
3031        佰鴻        15.05       15.10       14.95       15.00       16.50       13.50       15.00       5           194         
3038        全台        15.70       15.80       15.70       15.65       17.20       14.10       15.75       13          362         
3049        和鑫        12.10       12.25       12.10       12.10       13.30       10.90       12.15       153         2978        
3050        鈺德        10.70       10.75       10.65       10.75       11.80       9.68        10.70       30          234         
3051        力特        3.52        3.55        3.50        3.52        3.87        3.17        3.55        27          288         
3059        華晶科      21.35       21.55       21.35       21.35       23.45       19.25       21.40       16          364         
3149        正達        8.26        8.32        8.25        8.24        9.06        7.42        8.30        2           175         
3356        奇偶        26.30       28.65       26.30       26.05       28.65       23.45       -           -           657         
3383        新世紀      5.10        5.50        5.10        5.53        6.08        4.98        5.50        1           17          
3406        玉晶光      524.00      532.00      516.00      518.00      569.00      466.50      531.00      521         5670        
3437        榮創        16.85       16.90       16.55       16.65       18.30       15.00       16.80       15          424         
3454        晶睿        91.70       93.70       91.70       87.80       96.50       79.10       92.20       34          1390        
3481        群創        8.92        8.97        8.82        8.76        9.63        7.89        8.94        5547        122558      
3504        揚明光      72.90       75.50       72.90       73.20       80.50       65.90       74.80       42          922         
3535        晶彩科      19.05       19.30       18.95       19.05       20.95       17.15       19.20       9           355         
3557        嘉威        53.90       54.00       52.90       53.60       58.90       48.25       53.90       14          456         
3563        牧德        386.00      393.00      386.00      386.00      424.50      347.50      391.00      54          635         
3576        聯合再生    7.39        7.42        7.34        7.37        8.10        6.64        7.37        195         3915        
3591        艾笛森      12.10       12.20       11.90       12.20       13.40       11.00       11.90       4           66          
3622        洋華        19.30       19.80       19.30       19.25       21.15       17.35       19.70       4           178         
3669        圓展        26.05       26.40       24.80       25.90       28.45       23.35       24.90       533         5345        
3673        TPK-KY      48.60       49.35       48.20       48.40       53.20       43.60       48.20       337         5322        
3698        隆達        16.40       16.60       16.40       16.35       17.95       14.75       16.60       47          777         
4934        太極        18.30       19.50       17.80       19.05       20.95       17.15       18.90       196         9025        
4935        茂林-KY     139.00      141.00      134.00      138.00      151.50      124.50      136.50      404         5305        
4942        嘉彰        37.70       38.20       37.70       37.60       41.35       33.85       38.15       20          482         
4956        光鋐        13.15       13.30       13.15       13.20       14.50       11.90       13.20       2           142         
4960        誠美材      7.02        7.16        7.02        7.06        7.76        6.36        7.12        3           276         
4976        佳凌        25.10       25.40       24.70       25.00       27.50       22.50       24.90       4           307         
5234        達興材料    87.20       87.50       87.00       87.20       95.90       78.50       87.40       5           93          
5243        乙盛-KY     34.25       35.30       34.25       34.15       37.55       30.75       34.75       11          630         
5484        慧友        8.97        9.19        8.96        8.96        9.85        8.07        9.18        4           29          
6116        彩晶        7.20        7.23        7.15        7.15        7.86        6.44        7.20        854         13357       
6120        達運        14.20       14.30       14.15       14.25       15.65       12.85       14.20       39          537         
6131        鈞泰        3.50        3.50        3.40        3.50        3.85        3.15        -           -           57          
6164        華興        6.65        6.76        6.65        6.65        7.31        5.99        6.70        14          39          
6168        宏齊        12.10       12.50       12.05       12.15       13.35       10.95       12.45       12          780         
6176        瑞儀        104.00      105.50      104.00      103.50      113.50      93.20       104.00      309         2022        
6209        今國光      26.10       26.45       26.00       26.10       28.70       23.50       26.10       33          430         
6225        天瀚        2.39        2.39        2.36        2.21        2.43        1.99        2.39        28          42          
6226        光鼎        7.32        7.35        7.26        7.34        8.07        6.61        7.35        180         744         
6278        台表科      110.00      111.50      107.50      109.00      119.50      98.10       110.50      625         9286        
6289        華上        0.79        0.80        0.79        0.81        0.89        0.73        0.80        25          222         
6405        悅城        13.65       13.65       13.55       13.55       14.90       12.20       -           -           16          
6431        光麗-KY     26.30       26.55       26.15       26.80       29.45       24.15       26.55       1           27          
6443        元晶        7.75        7.82        7.65        7.73        8.50        6.96        7.68        91          1200        
6456        GIS-KY      104.50      106.00      103.00      103.00      113.00      92.70       103.50      225         5196        
6477        安集        22.75       23.05       22.75       22.80       25.05       20.55       22.95       15          200         
6668        中揚光      80.90       82.50       80.90       80.70       88.70       72.70       82.10       73          756         
6706        惠特        111.50      116.00      111.50      112.50      123.50      101.50      115.00      74          1279        
8104        錸寶        44.10       45.50       44.10       43.95       48.30       39.60       45.00       6           160         
8105        凌巨        12.90       12.95       12.80       12.85       14.10       11.60       12.80       63          1102        
8215        明基材      19.10       20.40       19.10       18.95       20.80       17.10       20.35       1295        27254       
2314        台揚        21.65       21.90       21.60       21.65       23.80       19.50       21.75       17          361         
2321        東訊        1.67        1.67        1.61        1.67        1.83        1.51        -           -           25          
2332        友訊        14.20       14.20       14.05       14.05       15.45       12.65       14.15       426         5014        
2345        智邦        181.00      184.50      181.00      180.50      198.50      162.50      182.00      270         4319        
2412        中華電      110.00      110.50      109.50      109.50      120.00      98.60       110.00      307         4847        
2419        仲琦        23.60       23.95       23.60       23.55       25.90       21.20       23.75       31          589         
2439        美律        149.50      150.00      147.00      149.00      163.50      134.50      148.50      112         2030        
2444        兆勁        19.50       19.50       19.10       19.45       21.35       17.55       19.45       74          362         
2450        神腦        31.60       31.95       31.50       31.60       34.75       28.45       31.80       3           90          
2455        全新        106.50      107.50      105.50      106.00      116.50      95.40       107.00      128         1783        
2485        兆赫        18.00       18.35       17.90       17.95       19.70       16.20       18.05       83          665         
2498        宏達電      34.85       35.00       34.55       34.75       38.20       31.30       34.70       221         2692        
3025        星通        20.60       21.00       20.60       20.80       22.85       18.75       -           -           89          
3027        盛達        7.78        7.85        7.76        7.78        8.55        7.01        7.85        13          53          
3045        台灣大      109.00      109.50      108.50      108.50      119.00      97.70       108.50      520         3100        
3047        訊舟        9.16        9.26        9.16        9.16        10.05       8.25        9.22        12          286         
3062        建漢        15.75       15.95       15.70       15.75       17.30       14.20       15.85       66          869         
3311        閎暉        24.40       24.50       24.40       24.45       26.85       22.05       24.45       4           39          
3380        明泰        22.10       22.10       21.90       21.90       24.05       19.75       21.95       60          1289        
3419        譁裕        15.45       15.45       15.35       15.35       16.85       13.85       15.35       4           133         
3596        智易        84.00       84.30       82.90       83.70       92.00       75.40       83.60       99          1458        
3682        亞太電      7.81        7.83        7.72        7.81        8.59        7.03        7.83        169         3098        
3694        海華        14.90       16.25       14.90       14.80       16.25       13.35       16.25       1           1626        
3704        合勤控      16.80       16.95       16.70       16.70       18.35       15.05       16.85       60          1158        
4904        遠傳        68.20       69.30       68.20       68.40       75.20       61.60       68.90       141         3347        
4906        正文        23.20       23.80       23.00       23.20       25.50       20.90       23.80       151         2758        
4977        眾達-KY     119.50      122.00      117.50      117.50      129.00      106.00      118.00      347         5265        
5388        中磊        75.70       77.00       75.50       75.70       83.20       68.20       76.90       83          1262        
6136        富爾特      19.60       19.70       19.60       19.60       21.55       17.65       -           -           105         
6142        友勁        7.06        7.08        6.96        6.99        7.68        6.30        7.00        1           88          
6152        百一        6.33        6.54        6.27        6.33        6.96        5.70        -           -           312         
6216        居易        27.55       27.70       27.50       27.55       30.30       24.80       27.65       2           46          
6285        啟        71.80       72.10       71.70       71.70       78.80       64.60       71.90       19          813         
6416        瑞祺電通    119.50      123.50      117.50      118.00      129.50      106.50      122.50      156         2493        
6442        光聖        37.05       37.30       37.05       37.10       40.80       33.40       -           -           106         
6674        鋐寶科技    27.40       27.40       27.15       27.40       30.10       24.70       27.20       3           33          
8011        台通        15.45       15.70       15.40       15.45       16.95       13.95       15.55       6           212         
8101        華冠        6.25        6.26        6.07        6.27        6.89        5.65        6.12        15          565         
1471        首利        2.52        2.61        2.52        2.61        2.87        2.35        -           -           15          
1582        信錦        88.50       88.50       88.00       88.00       96.80       79.20       88.30       31          364         
2059        川湖        367.00      369.00      361.00      367.00      403.50      330.50      363.00      5           301         
2308        台達電      144.50      145.00      142.50      142.00      156.00      128.00      143.50      269         2852        
2313        華通        43.45       43.55       42.80       43.10       47.40       38.80       42.85       678         8208        
2316        楠梓電      32.20       33.45       32.10       32.05       35.25       28.85       33.10       126         3368        
2327        國巨        454.00      460.00      441.00      450.00      495.00      405.00      460.00      1235        16106       
2328        廣宇        20.75       21.05       20.75       20.60       22.65       18.55       20.90       191         4760        
2355        敬鵬        31.15       31.45       31.10       31.00       34.10       27.90       31.35       29          986         
2367        燿華        29.50       29.70       29.20       29.45       32.35       26.55       29.60       269         4369        
2368        金像電      15.70       15.85       15.60       15.70       17.25       14.15       15.70       646         10487       
2375        凱美        40.65       41.25       40.30       40.45       44.45       36.45       40.90       178         2819        
2383        台光電      128.00      129.00      126.50      128.50      141.00      116.00      127.50      159         3338        
2385        群光        85.60       87.30       85.30       85.40       93.90       76.90       86.70       58          1228        
2392        正崴        38.00       39.30       38.00       38.10       41.90       34.30       38.85       95          3331        
2402        毅嘉        15.20       15.35       15.10       15.10       16.60       13.60       15.15       28          485         
2413        環科        14.60       14.60       14.20       14.35       15.75       12.95       14.40       5           102         
2415        錩新        17.55       17.65       17.55       17.55       19.30       15.80       17.65       1           21          
2420        新巨        36.15       36.25       36.10       36.15       39.75       32.55       -           -           207         
2421        建準        40.45       41.20       40.45       40.90       44.95       36.85       40.90       39          734         
2428        興勤        88.40       88.90       88.00       88.30       97.10       79.50       88.50       14          157         
2429        銘旺科      31.90       34.70       31.50       31.65       34.80       28.50       32.00       20          1062        
2431        聯昌        9.30        9.48        9.30        9.30        10.20       8.37        9.47        12          269         
2440        太空梭      8.69        8.69        8.56        8.69        9.55        7.83        -           -           16          
2456        奇力新      125.50      126.50      120.50      125.00      137.50      112.50      123.00      481         12110       
2457        飛宏        8.52        8.74        8.52        8.51        9.36        7.66        8.69        7           454         
2460        建通        9.43        9.57        9.41        9.49        10.40       8.55        -           -           38          
2462        良得電      25.75       25.75       25.50       25.75       28.30       23.20       25.70       2           32          
2467        志聖        23.60       23.75       23.55       23.70       26.05       21.35       23.60       8           169         
2472        立隆電      38.65       38.90       38.50       38.65       42.50       34.80       38.75       7           160         
2476        鉅祥        22.20       22.35       22.20       22.20       24.40       20.00       22.25       17          108         
2478        大毅        78.30       78.90       76.20       77.70       85.40       70.00       78.90       736         12050       
2483        百容        20.10       20.15       20.10       20.00       22.00       18.00       -           -           26          
2484        希華        18.90       18.95       18.75       18.80       20.65       16.95       18.90       8           214         
2492        華新科      237.00      238.50      230.00      235.00      258.50      211.50      235.00      1014        16711       
2493        揚博        27.55       27.70       27.50       27.55       30.30       24.80       27.50       5           88          
3003        健和興      43.15       43.60       43.15       43.15       47.45       38.85       43.40       7           274         
3011        今皓        6.20        6.34        6.18        6.22        6.84        5.60        -           -           104         
3015        全漢        20.90       21.10       20.90       21.00       23.10       18.90       21.00       7           142         
3021        鴻名        15.10       15.10       15.00       15.10       16.60       13.60       15.10       4           68          
3023        信邦        130.00      132.00      130.00      131.00      144.00      118.00      131.50      28          270         
3026        禾伸堂      116.50      117.50      114.50      115.50      127.00      104.00      117.00      188         4294        
3032        偉訓        26.40       26.45       26.30       26.35       28.95       23.75       -           -           88          
3037        欣興        41.30       42.15       41.30       41.10       45.20       37.00       41.75       1327        18891       
3042        晶技        47.95       48.50       46.55       47.00       51.70       42.30       47.15       457         8633        
3044        健鼎        117.00      120.00      117.00      117.50      129.00      106.00      118.00      194         973         
3058        立德        6.63        6.63        6.51        6.55        7.20        5.90        6.55        15          208         
3090        日電貿      54.30       54.70       53.50       53.70       59.00       48.35       54.50       165         3682        
3229        晟鈦        11.85       12.10       11.80       11.90       13.05       10.75       11.80       1           24          
3296        勝德        14.80       14.90       14.80       14.95       16.40       13.50       14.90       12          20          
3308        聯德        5.75        5.75        5.52        5.55        6.10        5.00        -           -           2           
3321        同泰        12.30       12.50       12.20       12.25       13.45       11.05       12.40       13          615         
3338        泰碩        75.50       76.10       74.20       75.10       82.60       67.60       74.90       224         2575        
3376        新日興      155.00      155.00      150.50      152.00      167.00      137.00      151.00      255         4796        
3432        台端        12.05       12.20       12.05       12.10       13.30       10.90       12.20       1           49          
3501        維熹        47.10       47.35       47.10       47.10       51.80       42.40       47.35       3           70          
3533        嘉澤        310.50      312.00      308.00      307.00      337.50      276.50      309.00      42          1023        
3550        聯穎        13.35       13.40       13.35       13.35       14.65       12.05       13.40       4           41          
3593        力銘        8.35        8.35        8.11        8.11        8.92        7.30        8.27        1           26          
3605        宏致        27.30       27.40       27.20       27.20       29.90       24.50       27.25       19          415         
3607        谷崧        14.00       15.20       14.00       13.95       15.30       12.60       14.60       15          680         
3645        達邁        43.15       43.15       42.60       42.80       47.05       38.55       42.90       21          387         
3653        健策        235.00      241.00      234.50      233.00      256.00      210.00      240.00      444         5340        
3679        新至陞      60.90       61.90       60.90       60.90       66.90       54.90       61.00       18          101         
4545        銘鈺        24.85       25.40       24.60       24.85       27.30       22.40       25.30       10          112         
4912        聯德控股-KY 100.00      100.50      99.40       100.00      110.00      90.00       100.50      3           13          
4915        致伸        52.80       54.40       52.60       52.30       57.50       47.10       53.50       177         6326        
4927        泰鼎-KY     57.70       58.30       56.90       57.20       62.90       51.50       58.20       784         9650        
4943        康控-KY     151.50      153.00      149.50      150.00      165.00      135.00      151.50      254         3394        
4958        臻鼎-KY     123.50      124.00      121.50      122.00      134.00      110.00      123.00      233         4600        
4989        榮科        21.45       21.45       20.95       21.05       23.15       18.95       21.10       7           111         
4999        鑫禾        39.80       40.20       39.80       39.90       43.85       35.95       40.10       1           46          
5469        瀚宇博      39.20       39.25       38.80       38.95       42.80       35.10       39.00       203         1566        
6108        競國        24.30       24.40       24.20       24.35       26.75       21.95       24.30       9           201         
6115        鎰勝        44.95       45.00       44.75       45.00       49.50       40.50       44.85       3           114         
6133        金橋        7.54        7.55        7.50        7.51        8.26        6.76        7.51        2           43          
6141        柏承        18.20       18.40       18.05       18.10       19.90       16.30       18.35       11          321         
6153        嘉聯益      33.70       33.85       33.30       33.30       36.60       30.00       33.65       361         4498        
6155        鈞寶        27.20       27.80       27.15       27.15       29.85       24.45       27.55       25          541         
6165        捷泰        24.00       24.70       22.70       23.50       25.85       21.15       24.50       41          1054        
6191        精成科      15.15       15.30       15.10       15.15       16.65       13.65       15.25       33          1248        
6197        佳必琪      29.85       30.35       29.85       29.85       32.80       26.90       30.00       14          371         
6205        詮欣        24.30       24.35       24.30       24.30       26.70       21.90       24.35       1           6           
6213        聯茂        137.00      139.00      132.50      138.00      151.50      124.50      135.50      233         5673        
6224        聚鼎        65.30       65.90       65.30       65.30       71.80       58.80       65.90       11          307         
6251        定穎        15.25       15.80       15.15       15.25       16.75       13.75       15.60       190         4375        
6269        台郡        120.00      121.50      118.00      118.50      130.00      107.00      119.00      310         11115       
6282        康舒        24.35       24.50       24.20       24.10       26.50       21.70       24.35       184         4572        
6412        群電        60.70       61.70       60.30       60.60       66.60       54.60       61.50       25          441         
6449        鈺邦        34.55       34.85       34.35       34.80       38.25       31.35       34.70       6           95          
6672        騰輝電子-KY 86.60       88.20       86.20       86.00       94.60       77.40       86.80       18          1146        
6715        嘉基        109.00      118.00      109.00      108.50      119.00      97.70       116.50      39          1577        
8039        台虹        46.20       46.25       45.55       45.65       50.20       41.10       45.95       91          1474        
8046        南電        48.00       49.30       47.10       47.10       51.80       42.40       48.55       308         6843        
8103        瀚荃        24.25       24.35       24.20       24.20       26.60       21.80       24.30       1           52          
8213        志超        33.50       33.65       33.25       33.20       36.50       29.90       33.50       44          759         
8249        菱光        21.60       21.65       21.35       21.45       23.55       19.35       21.45       5           135         
2347        聯強        37.85       38.20       37.75       37.80       41.55       34.05       38.10       144         3107        
2414        精技        22.90       22.90       22.80       22.80       25.05       20.55       -           -           99          
2430        燦坤        16.15       16.15       16.10       16.15       17.75       14.55       16.15       2           86          
2459        敦吉        41.35       41.60       41.35       41.35       45.45       37.25       -           -           51          
3010        華立        55.40       55.50       55.10       55.40       60.90       49.90       55.40       4           96          
3028        增你強      20.30       20.40       20.25       20.30       22.30       18.30       20.30       2           263         
3033        威健        17.15       17.20       17.15       17.15       18.85       15.45       17.20       6           248         
3036        文曄        38.65       39.00       38.55       38.55       42.40       34.70       38.90       76          1739        
3048        益登        16.60       16.65       16.45       16.60       18.25       14.95       16.55       8           264         
3055        蔚華科      31.15       31.20       30.65       31.15       34.25       28.05       31.00       9           260         
3209        全科        19.60       19.80       19.60       19.60       21.55       17.65       19.65       55          235         
3312        弘憶股      14.40       14.50       14.35       14.25       15.65       12.85       14.40       1           226         
3528        安馳        38.00       38.00       37.80       37.90       41.65       34.15       37.90       1           23          
3702        大聯大      39.10       39.25       39.05       39.10       43.00       35.20       39.10       165         2106        
3702A       大聯大甲特  52.20       52.30       52.10       52.20       57.40       47.00       -           -           106         
5434        崇越        108.00      109.50      107.50      108.00      118.50      97.20       108.00      135         717         
6189        豐藝        34.25       34.40       34.20       34.25       37.65       30.85       34.35       4           125         
6281        全國電      68.00       68.00       67.80       67.80       74.50       61.10       68.00       1           17          
8070        長華        166.00      168.00      166.00      167.00      183.50      150.50      168.00      1           87          
8072        陞泰        20.20       20.70       20.20       20.10       22.10       18.10       20.30       6           137         
8112        至上        31.70       32.70       31.60       31.70       34.85       28.55       32.05       106         4385        
2427        三商電      10.55       10.60       10.55       10.55       11.60       9.50        10.55       15          124         
2453        凌群        16.55       16.80       16.55       16.50       18.15       14.85       16.70       23          427         
2468        華經        12.70       12.85       12.65       12.65       13.90       11.40       12.75       3           96          
2471        資通        18.85       19.20       18.70       18.80       20.65       16.95       -           -           299         
2480        敦陽科      54.80       55.30       54.80       54.50       59.90       49.05       55.10       8           428         
3029        零壹        29.70       30.10       29.65       29.65       32.60       26.70       30.05       57          858         
3130        一零四      154.00      154.00      153.00      153.00      168.00      138.00      -           -           19          
4994        傳奇        78.20       79.30       78.20       78.50       86.30       70.70       78.80       15          213         
5203        訊連        114.50      117.50      114.00      114.50      125.50      103.50      117.00      35          459         
6112        聚碩        33.40       33.60       33.25       33.45       36.75       30.15       33.55       3           145         
6183        關貿        42.80       42.80       41.45       42.80       47.05       38.55       42.10       24          447         
6214        精誠        81.20       81.90       80.80       81.20       89.30       73.10       81.40       28          392         
2312        金寶        14.50       14.70       14.40       14.40       15.80       13.00       14.40       278         3918        
2317        鴻海        83.00       84.60       82.50       83.40       91.70       75.10       83.80       1572        25362       
2354        鴻準        60.40       61.40       60.30       60.40       66.40       54.40       61.10       142         1915        
2359        所羅門      20.90       21.30       20.90       20.75       22.80       18.70       21.00       130         3242        
2360        致茂        160.50      162.00      159.00      159.00      174.50      143.50      160.00      101         1194        
2373        震旦行      89.30       89.30       88.80       89.00       97.90       80.10       89.20       2           44          
2390        云辰        10.35       10.65       10.10       10.15       11.15       9.14        10.10       1025        8329        
2404        漢唐        185.00      186.50      184.50      185.00      203.50      166.50      184.50      23          655         
2423        固緯        25.30       25.35       25.20       25.20       27.70       22.70       25.30       2           52          
2433        互盛電      53.60       54.20       53.60       53.60       58.90       48.25       -           -           73          
2461        光群雷      16.80       17.15       16.65       16.80       18.45       15.15       17.00       36          826         
2464        盟立        35.50       35.65       35.40       35.50       39.05       31.95       35.65       3           318         
2474        可成        246.50      249.50      242.50      246.00      270.50      221.50      248.50      392         5478        
2477        美隆電      23.35       23.60       23.35       23.25       25.55       20.95       23.45       3           73          
2482        連宇        12.70       12.90       12.60       12.70       13.95       11.45       12.75       21          211         
2488        漢平        30.30       30.45       30.10       30.05       33.05       27.05       30.35       3           100         
2495        普安        12.75       12.80       12.75       12.75       14.00       11.50       12.80       1           43          
3018        同開        27.50       29.50       27.20       27.45       30.15       24.75       28.80       87          3241        
3030        德律        51.80       52.40       51.70       51.80       56.90       46.65       52.20       6           326         
3043        科風        2.02        2.06        2.02        2.01        2.21        1.81        2.06        15          179         
3305        昇貿        22.80       22.85       22.70       22.70       24.95       20.45       22.80       1           86          
3450        聯鈞        71.60       77.20       71.30       70.80       77.80       63.80       75.50       574         24753       
3518        柏騰        32.25       32.65       32.15       31.95       35.10       28.80       32.15       16          311         
3617        碩天        108.00      109.50      108.00      108.00      118.50      97.20       109.50      5           145         
3665        貿聯-KY     215.00      215.50      213.00      211.00      232.00      190.00      214.50      138         1565        
5225        東科-KY     45.10       45.40       45.10       45.10       49.60       40.60       45.15       4           67          
6139        亞翔        30.35       30.70       30.35       30.50       33.55       27.45       30.40       39          670         
6192        巨路        72.90       73.70       72.20       72.90       80.10       65.70       73.50       5           68          
6196        帆宣        84.20       85.30       83.00       84.50       92.90       76.10       84.90       74          1287        
6201        亞弘電      35.00       35.05       34.90       35.00       38.50       31.50       -           -           22          
6215        和椿        13.90       14.00       13.80       13.75       15.10       12.40       14.00       4           83          
6283        淳安        25.45       25.85       25.00       24.90       27.35       22.45       25.85       26          242         
6409        旭隼        798.00      798.00      771.00      791.00      870.00      712.00      775.00      5           50          
6558        興能高      57.80       58.30       57.30       57.80       63.50       52.10       58.00       30          451         
6698        旭暉應材    74.00       74.40       72.70       73.00       80.30       65.70       72.90       18          268         
8021        尖點        20.60       20.85       20.40       20.60       22.65       18.55       20.80       95          1258        
8201        無敵        9.26        9.28        9.20        9.18        10.05       8.27        9.28        1           38          
1598        岱宇        37.90       38.10       37.75       37.90       41.65       34.15       38.10       6           205         
1701        中化        20.05       20.05       19.95       20.00       22.00       18.00       20.00       18          576         
1707        葡萄王      193.00      208.00      193.00      192.00      211.00      173.00      205.00      99          3297        
1720        生達        33.80       33.90       33.75       33.75       37.10       30.40       33.80       11          170         
1731        美吾華      14.20       14.20       14.00       14.05       15.45       12.65       14.05       16          676         
1733        五鼎        24.70       25.20       24.70       24.70       27.15       22.25       24.95       8           177         
1734        杏輝        21.65       22.00       21.50       21.55       23.70       19.40       21.60       67          1943        
1736        喬山        78.00       78.70       77.00       77.70       85.40       70.00       77.10       74          1234        
1760        寶齡富錦    79.00       80.40       78.80       78.20       86.00       70.40       80.00       5           277         
1762        中化生      37.85       38.15       37.55       38.00       41.80       34.20       38.10       37          560         
1783        和康生      23.25       23.25       23.00       23.00       25.30       20.70       23.15       2           54          
1786        科妍        63.00       65.50       63.00       63.00       69.30       56.70       64.60       10          442         
1789        神隆        28.25       28.80       28.00       27.95       30.70       25.20       28.35       92          2388        
1795        美時        93.50       94.30       93.10       93.00       102.00      83.70       93.60       114         1415        
3164        景岳        23.75       23.85       23.75       23.75       26.10       21.40       23.80       2           18          
3705        永信        43.50       43.95       43.50       43.50       47.85       39.15       43.90       10          193         
4104        佳醫        52.90       53.10       52.60       52.60       57.80       47.35       52.90       1           179         
4106        雃博        24.35       24.35       24.20       24.35       26.75       21.95       24.35       3           84          
4108        懷特        17.30       17.40       17.20       17.35       19.05       15.65       17.30       2           103         
4119        旭富        117.50      122.50      116.50      115.50      127.00      104.00      116.50      243         5767        
4133        亞諾法      31.80       32.35       31.25       31.75       34.90       28.60       31.35       55          598         
4137        麗豐-KY     196.00      201.00      196.00      196.00      215.50      176.50      198.50      32          446         
4141        龍燈-KY     14.65       14.65       14.30       14.55       16.00       13.10       14.35       7           468         
4142        國光生      27.05       27.20       26.70       27.00       29.70       24.30       26.80       291         6132        
4144        康聯-KY     27.55       28.20       27.55       27.90       30.65       25.15       28.20       11          71          
4148        全宇生技-KY 37.30       37.80       37.30       37.20       40.90       33.50       37.35       2           19          
4155        訊映        33.65       34.40       33.65       33.70       37.05       30.35       34.25       44          990         
4164        承業醫      36.80       37.75       36.75       36.80       40.45       33.15       37.40       5           272         
4190        佐登-KY     92.60       95.60       92.60       91.70       100.50      82.60       93.80       43          804         
4737        華廣        81.60       82.00       81.40       81.80       89.90       73.70       82.00       6           62          
4746        台耀        40.90       41.20       40.00       41.00       45.10       36.90       40.25       17          506         
6452        康友-KY     221.00      227.00      221.00      220.50      242.50      198.50      226.00      64          1542        
6491        晶碩        149.00      150.50      149.00      149.00      163.50      134.50      149.50      2           92          
6541        泰福-KY     42.30       45.20       42.30       42.05       46.25       37.85       44.90       50          776         
6666        羅麗芬-KY   141.00      144.00      140.50      140.50      154.50      126.50      143.50      1           60          
