股票代號    公司簡稱    開盤        最高        最低        昨收        漲停價      跌停價      當盤成交價  當盤成交量  累積成交量  
2302        麗正        5.50        5.60        5.31        5.90        6.49        5.31        5.50        5           322         
2303        聯電        13.70       14.30       13.65       14.35       15.75       12.95       14.05       13072       211765      
2329        華泰        10.10       10.40       10.05       11.15       12.25       10.05       10.20       117         7106        
2330        台積電      275.00      294.00      272.50      294.00      323.00      265.00      290.00      11330       149593      
2337        旺宏        27.70       29.55       27.60       30.65       33.70       27.60       29.10       2501        80694       
2338        光罩        24.65       25.25       24.25       26.90       29.55       24.25       25.00       201         12549       
2342        茂矽        24.55       26.20       23.65       26.20       28.80       23.60       25.80       338         14544       
2344        華邦電      12.80       13.60       12.80       14.20       15.60       12.80       13.60       1541        55981       
2351        順德        44.40       46.35       44.35       49.25       54.10       44.35       44.75       5           2906        
2363        矽統        6.37        6.45        6.20        6.88        7.56        6.20        6.45        142         4397        
2369        菱生        9.55        9.56        9.05        10.05       11.05       9.05        9.54        144         5714        
2379        瑞昱        186.00      203.50      185.00      205.00      225.50      184.50      201.50      302         6892        
2388        威盛        21.35       22.10       21.35       23.70       26.05       21.35       21.95       33          1598        
2401        凌陽        8.87        9.31        8.85        9.83        10.80       8.85        9.10        75          4812        
2408        南亞科      60.00       63.60       59.50       66.00       72.60       59.40       62.90       696         21272       
2434        統懋        6.30        6.30        5.67        6.30        6.93        5.67        6.29        1           36          
2436        偉詮電      20.55       22.10       20.50       21.50       23.65       19.35       22.10       99          4470        
2441        超豐        40.60       42.40       39.65       44.00       48.40       39.60       42.40       136         2543        
2449        京元電子    28.50       32.35       28.40       31.10       34.20       28.00       30.40       863         17169       
2451        創見        72.50       75.00       71.10       76.40       84.00       68.80       75.00       72          2538        
2454        聯發科      307.50      348.00      305.00      336.00      369.50      302.50      341.00      1088        23594       
2458        義隆        73.50       78.00       73.50       80.50       88.50       72.50       77.10       159         7798        
2481        強茂        19.50       20.00       19.50       21.65       23.80       19.50       19.85       115         5144        
3006        晶豪科      29.30       30.55       29.25       32.50       35.75       29.25       30.50       126         6781        
3014        聯陽        41.70       43.70       41.20       44.90       49.35       40.45       43.55       193         5158        
3016        嘉晶        47.00       52.00       45.90       51.00       56.10       45.90       51.90       404         14386       
3034        聯詠        168.00      185.00      168.00      185.50      204.00      167.00      178.50      683         8975        
3035        智原        34.55       34.55       34.55       38.35       42.15       34.55       34.55       190         4779        
3041        揚智        15.95       16.10       15.75       17.50       19.25       15.75       15.80       214         6760        
3054        立萬利      22.80       24.10       22.50       25.00       27.50       22.50       24.10       8           90          
3094        聯傑        16.40       17.00       15.80       17.30       19.00       15.60       16.90       67          1093        
3189        景碩        40.00       42.75       39.80       44.15       48.55       39.75       42.75       209         8370        
3257        虹冠電      46.50       48.05       44.60       47.75       52.50       43.00       48.05       5           653         
3413        京鼎        120.00      122.50      120.00      133.00      146.00      120.00      120.00      91          1600        
3443        創意        176.00      193.50      175.00      194.00      213.00      175.00      186.00      75          2049        
3530        晶相光      85.00       90.00       84.00       93.30       102.50      84.00       89.80       100         4347        
3532        台勝科      132.00      143.50      131.50      146.00      160.50      131.50      139.00      273         7326        
3536        誠創        3.88        3.95        3.86        4.28        4.70        3.86        3.95        24          116         
3545        敦泰        26.15       27.15       26.10       28.95       31.80       26.10       26.65       278         16842       
3583        辛耘        40.55       43.15       40.55       45.00       49.50       40.50       42.75       21          1189        
3588        通嘉        24.00       25.00       23.40       25.95       28.50       23.40       23.85       86          798         
3661        世芯-KY     181.50      202.00      177.00      196.50      216.00      177.00      189.50      496         12903       
3686        達能        3.69        3.69        3.69        4.09        4.49        3.69        3.69        6           281         
3711        日月光投控  61.60       61.60       57.40       62.70       68.90       56.50       61.00       1747        25718       
4919        新唐        34.40       35.35       34.40       38.20       42.00       34.40       35.00       45          3050        
4952        凌通        26.80       28.00       26.80       29.75       32.70       26.80       28.00       26          1581        
4961        天鈺        24.70       25.55       24.70       27.40       30.10       24.70       25.20       22          1950        
4967        十銓        40.00       40.60       37.80       42.00       46.20       37.80       40.20       268         10879       
4968        立積        129.50      136.00      129.50      143.50      157.50      129.50      135.50      186         4349        
5269        祥碩        715.00      772.00      702.00      776.00      853.00      699.00      741.00      82          2055        
5285        界霖        43.40       44.25       43.25       48.05       52.80       43.25       44.20       22          1317        
5305        敦南        40.15       40.15       38.50       40.25       44.25       36.25       39.25       22          1237        
5471        松翰        33.40       33.40       32.15       35.70       39.25       32.15       32.95       203         9209        
6202        盛群        60.00       61.00       59.00       64.60       71.00       58.20       60.60       106         3618        
6239        力成        87.00       90.50       82.80       91.20       100.00      82.10       88.70       483         8101        
6243        迅杰        6.74        7.00        6.72        7.46        8.20        6.72        7.00        18          393         
6257        矽格        31.80       33.50       31.05       33.55       36.90       30.20       33.20       148         9043        
6271        同欣電      111.00      117.50      109.00      121.00      133.00      109.00      116.00      118         4817        
6415        矽力-KY     961.00      974.00      941.00      1045.00     1145.00     941.00      960.00      60          923         
6451        訊芯-KY     90.10       94.40       90.00       99.90       109.50      90.00       94.00       40          2240        
6525        捷敏-KY     48.70       50.00       47.00       51.60       56.70       46.45       50.00       7           787         
6531        愛普        98.10       100.50      96.30       107.00      117.50      96.30       98.20       109         5497        
6533        晶心科      84.00       85.80       83.10       92.30       101.50      83.10       85.40       22          1374        
6552        易華電      53.60       55.10       53.60       59.50       65.40       53.60       54.30       16          1695        
6573        虹揚-KY     19.90       19.90       17.95       19.90       21.85       17.95       18.10       7           166         
8016        矽創        127.50      134.50      125.50      139.00      152.50      125.50      133.00      99          4877        
8028        昇陽半導體  47.45       48.20       47.45       52.70       57.90       47.45       47.50       107         3600        
8081        致新        97.00       101.50      96.60       107.00      117.50      96.30       101.00      37          2569        
8110        華東        8.45        8.45        7.99        8.87        9.75        7.99        8.19        88          3855        
8131        福懋科      34.25       35.65       33.35       36.30       39.90       32.70       35.50       29          1817        
8150        南茂        25.65       27.15       25.30       28.10       30.90       25.30       26.95       469         12602       
8261        富鼎        19.95       20.60       19.90       22.10       24.30       19.90       20.25       15          1181        
8271        宇瞻        37.85       40.80       37.55       41.50       45.65       37.35       40.35       131         4898        
2301        光寶科      41.00       42.00       39.30       42.00       46.20       37.80       41.30       1832        17064       
2305        全友        4.67        4.67        4.50        5.00        5.50        4.50        4.58        10          698         
2324        仁寶        16.50       17.35       16.35       17.20       18.90       15.50       17.10       3255        36648       
2331        精英        8.84        9.49        8.84        9.82        10.80       8.84        9.47        83          2858        
2352        佳世達      16.40       16.40       15.45       17.10       18.80       15.40       16.00       173         12341       
2353        宏        13.20       14.15       12.95       14.35       15.75       12.95       13.80       1342        33454       
2356        英業達      20.00       21.80       19.70       21.65       23.80       19.50       21.20       1055        17975       
2357        華碩        188.00      193.00      182.00      197.00      216.50      177.50      190.00      361         5456        
2362        藍天        27.90       28.10       26.95       29.90       32.85       26.95       28.00       203         1621        
2364        倫飛        1.54        1.60        1.53        1.69        1.85        1.53        1.60        1           468         
2365        昆盈        6.11        6.14        5.90        6.55        7.20        5.90        5.98        4           1803        
2376        技嘉        42.95       45.85       42.95       47.55       52.30       42.80       45.00       174         8656        
2377        微星        76.20       81.60       75.60       82.10       90.30       73.90       79.60       306         5853        
2380        虹光        3.50        3.50        3.40        3.77        4.14        3.40        3.46        4           570         
2382        廣達        56.20       61.20       54.50       58.80       64.60       53.00       60.60       1277        23275       
2387        精元        29.50       31.35       29.25       32.50       35.75       29.25       31.25       99          7991        
2395        研華        239.00      266.00      238.00      264.00      290.00      238.00      261.50      165         3389        
2397        友通        68.00       69.10       65.30       71.90       79.00       64.80       68.90       6           232         
2399        映泰        7.92        8.23        7.91        8.78        9.65        7.91        8.12        31          2386        
2405        浩鑫        7.31        7.55        7.31        8.12        8.93        7.31        7.55        51          3595        
2417        圓剛        8.50        9.11        8.45        9.38        10.30       8.45        8.93        67          4343        
2424        隴華        -           -           -           23.00       25.30       20.70       -           -           -           
2425        承啟        23.00       25.15       22.90       24.85       27.30       22.40       25.10       15          1249        
2442        新美齊      6.92        7.24        6.92        7.68        8.44        6.92        7.15        51          5146        
2465        麗臺        7.30        7.49        7.29        8.10        8.91        7.29        7.37        1           334         
3002        歐格        9.48        9.48        8.77        9.74        10.70       8.77        8.83        14          393         
3005        神基        47.05       48.05       44.50       48.90       53.70       44.05       47.20       70          4807        
3013        晟銘電      11.40       11.45       11.00       11.50       12.65       10.35       11.40       16          988         
3017        奇鋐        29.30       30.50       29.00       32.20       35.40       29.00       30.20       272         17018       
3022        威強電      40.00       40.00       37.75       41.30       45.40       37.20       38.90       14          470         
3046        建        9.45        9.45        9.45        10.50       11.55       9.45        9.45        3           80          
3057        喬鼎        5.05        5.05        4.86        5.40        5.94        4.86        4.92        2           1054        
3060        銘異        12.50       12.95       12.25       13.60       14.95       12.25       12.65       107         3149        
3231        緯創        22.35       23.40       21.60       23.65       26.00       21.30       23.00       1581        22968       
3416        融程電      50.50       52.00       50.00       53.90       59.20       48.55       52.00       6           220         
3494        誠研        3.57        3.77        3.44        3.82        4.20        3.44        3.77        5           456         
3515        華擎        81.50       88.10       80.70       88.70       97.50       79.90       86.10       59          3615        
3701        大眾控      12.20       13.40       12.20       13.55       14.90       12.20       -           -           24          
3706        神達        28.00       29.25       27.50       30.05       33.05       27.05       28.95       714         27752       
3712        永崴投控    12.35       12.70       12.25       13.60       14.95       12.25       12.40       17          1598        
4916        事欣科      26.70       26.90       25.85       28.70       31.55       25.85       26.15       22          1674        
4938        和碩        53.10       56.50       52.00       56.80       62.40       51.20       55.30       946         16114       
5215        科嘉-KY     48.10       50.70       46.35       51.10       56.20       46.00       50.00       11          1395        
5258        虹堡        19.45       19.90       19.35       21.50       23.65       19.35       19.80       12          501         
5264        鎧勝-KY     31.50       32.25       31.50       35.00       38.50       31.50       31.70       37          2980        
6117        迎廣        13.80       14.00       13.30       14.15       15.55       12.75       -           -           36          
6128        上福        26.00       26.00       24.70       27.00       29.70       24.30       25.30       31          389         
6166        凌華        53.30       56.00       49.65       53.80       59.10       48.45       55.40       26          1835        
6172        互億        19.00       19.00       18.35       19.65       21.60       17.70       18.80       6           71          
6206        飛捷        63.00       63.80       61.00       67.30       74.00       60.60       63.40       13          688         
6230        超眾        178.00      188.00      175.50      195.00      214.50      175.50      186.00      33          2140        
6235        華孚        8.97        9.25        8.96        9.95        10.90       8.96        9.25        25          1028        
6277        宏正        80.00       81.00       78.90       81.70       89.80       73.60       80.30       39          563         
6414        樺漢        179.50      185.00      177.50      197.00      216.50      177.50      182.50      32          1731        
6579        研揚        61.60       62.70       61.00       66.50       73.10       59.90       62.70       3           75          
6591        動力-KY     35.50       36.95       35.35       39.25       43.15       35.35       36.50       17          769         
6669        緯穎        591.00      698.00      583.00      647.00      711.00      583.00      698.00      199         3816        
8114        振樺電      81.40       81.40       76.40       84.80       93.20       76.40       78.10       13          381         
8163        達方        28.50       29.50       28.45       31.60       34.75       28.45       29.25       72          4568        
8210        勤誠        73.80       77.20       72.60       80.60       88.60       72.60       75.90       41          2206        
9912        偉聯        6.64        8.00        6.63        7.36        8.09        6.63        7.47        1           277         
2323        中環        6.23        6.44        6.13        6.79        7.46        6.12        6.44        589         23325       
2340        光磊        17.15       17.75       17.10       19.00       20.90       17.10       17.55       68          5114        
2349        錸德        4.06        4.18        4.05        4.50        4.95        4.05        4.15        425         12147       
2374        佳能        11.80       12.40       11.55       12.80       14.05       11.55       11.70       4           1175        
2393        億光        26.70       27.40       25.85       28.60       31.45       25.75       26.90       74          4287        
2406        國碩        10.15       10.40       9.90        11.00       12.10       9.90        10.15       66          3323        
2409        友達        7.46        7.77        7.30        8.04        8.84        7.24        7.69        5403        130999      
2426        鼎元        9.88        10.80       9.73        10.80       11.85       9.72        10.25       95          2647        
2438        翔耀        5.21        5.62        5.20        5.70        6.27        5.13        -           -           55          
2448        晶電        27.05       28.70       26.40       29.05       31.95       26.15       28.50       1270        41010       
2466        冠西電      33.15       33.15       32.65       33.15       36.45       29.85       32.75       2           49          
2486        一詮        5.90        6.05        5.85        6.50        7.15        5.85        5.98        10          1639        
2489        瑞軒        7.41        7.55        7.38        8.20        9.02        7.38        7.42        62          4784        
2491        吉祥全      8.30        8.50        8.27        9.18        10.05       8.27        -           -           78          
2499        東貝        6.86        7.18        6.57        7.29        8.01        6.57        7.08        153         6994        
3008        大立光      3620.00     4060.00     3620.00     3980.00     4375.00     3585.00     4060.00     76          1575        
3019        亞光        65.00       68.30       64.00       71.00       78.10       63.90       68.00       166         7140        
3024        憶聲        6.66        6.81        6.49        6.97        7.66        6.28        6.61        6           943         
3031        佰鴻        11.35       11.80       11.15       12.35       13.55       11.15       11.65       22          636         
3038        全台        13.55       13.80       13.45       14.90       16.35       13.45       13.65       87          4552        
3049        和鑫        8.72        9.15        8.69        9.65        10.60       8.69        9.07        278         20129       
3050        鈺德        9.41        9.41        8.92        9.91        10.90       8.92        9.20        41          2205        
3051        力特        3.43        3.43        3.20        3.55        3.90        3.20        3.25        1           748         
3059        華晶科      16.60       18.00       16.25       18.05       19.85       16.25       18.00       201         3533        
3149        正達        5.68        5.76        5.68        6.31        6.94        5.68        5.74        10          1161        
3356        奇偶        21.70       22.25       21.65       24.05       26.45       21.65       22.10       12          732         
3383        新世紀      4.33        4.86        4.23        4.70        5.17        4.23        4.86        6           51          
3406        玉晶光      389.50      419.50      389.00      432.00      475.00      389.00      415.00      319         11711       
3437        榮創        12.65       13.00       12.55       13.90       15.25       12.55       13.00       41          3251        
3454        晶睿        74.40       74.40       69.80       77.50       85.20       69.80       71.90       7           649         
3481        群創        6.04        6.30        5.97        6.62        7.28        5.96        6.27        7147        251093      
3504        揚明光      55.50       57.30       55.50       61.60       67.70       55.50       56.10       18          1281        
3535        晶彩科      13.05       13.50       13.05       14.50       15.95       13.05       13.05       90          1251        
3557        嘉威        44.10       46.95       43.25       48.05       52.80       43.25       46.75       10          871         
3563        牧德        289.00      307.00      287.00      318.50      350.00      287.00      305.00      25          1417        
3576        聯合再生    5.30        5.35        5.24        5.82        6.40        5.24        5.34        303         20679       
3591        艾笛森      9.55        9.55        9.05        10.05       11.05       9.05        9.20        2           721         
3622        洋華        15.85       16.20       15.20       16.85       18.50       15.20       15.50       8           791         
3669        圓展        23.00       26.30       22.25       24.70       27.15       22.25       25.30       210         6486        
3673        TPK-KY      38.10       39.45       38.00       42.10       46.30       37.90       39.05       117         6507        
3698        隆達        12.35       12.60       12.25       13.60       14.95       12.25       12.45       71          3675        
4934        太極        12.50       12.90       12.40       13.75       15.10       12.40       12.75       170         6473        
4935        茂林-KY     88.20       105.00      88.00       97.70       107.00      88.00       102.00      281         14385       
4942        嘉彰        28.65       29.50       28.65       31.65       34.80       28.50       29.40       14          900         
4956        光鋐        9.99        9.99        9.63        10.70       11.75       9.63        9.73        7           665         
4960        誠美材      4.88        5.10        4.88        5.42        5.96        4.88        4.95        19          2691        
4976        佳凌        17.05       17.30       17.05       18.90       20.75       17.05       17.10       41          1194        
5234        達興材料    75.00       76.40       72.50       79.20       87.10       71.30       74.50       16          581         
5243        乙盛-KY     26.70       27.60       26.10       28.95       31.80       26.10       27.20       27          1782        
5484        慧友        7.85        7.85        7.15        7.94        8.73        7.15        7.50        3           164         
6116        彩晶        5.51        5.90        5.46        6.06        6.66        5.46        5.86        505         39211       
6120        達運        10.45       10.80       10.45       11.60       12.75       10.45       10.50       90          3942        
6131        鈞泰        3.16        3.49        3.16        3.50        3.85        3.15        -           -           65          
6164        華興        5.56        5.60        5.52        6.13        6.74        5.52        5.55        10          391         
6168        宏齊        10.20       11.50       10.20       11.30       12.40       10.20       11.50       69          1131        
6176        瑞儀        82.00       83.30       80.10       87.90       96.60       79.20       82.00       350         6883        
6209        今國光      18.55       19.05       18.55       20.60       22.65       18.55       18.70       21          1434        
6225        天瀚        1.88        1.99        1.88        2.08        2.28        1.88        1.99        1           13          
6226        光鼎        5.48        5.79        5.48        6.08        6.68        5.48        5.79        170         1699        
6278        台表科      73.20       76.40       73.00       81.10       89.20       73.00       75.80       136         7160        
6289        華上        1.69        1.98        1.69        1.87        2.05        1.69        1.87        8           352         
6405        悅城        12.05       12.05       11.60       12.85       14.10       11.60       12.05       5           246         
6431        光麗-KY     20.15       22.20       20.10       22.30       24.50       20.10       20.25       4           100         
6443        元晶        5.22        5.35        5.22        5.80        6.38        5.22        5.31        19          4031        
6456        GIS-KY      72.20       73.70       72.00       79.90       87.80       72.00       73.60       117         5953        
6477        安集        17.60       18.50       17.15       19.00       20.90       17.10       18.05       11          1448        
6668        中揚光      62.20       63.30       62.10       69.00       75.90       62.10       62.70       46          1707        
6706        惠特        73.80       81.70       73.80       81.70       89.80       73.60       81.70       34          1268        
8104        錸寶        31.40       31.95       31.40       34.85       38.30       31.40       31.60       5           610         
8105        凌巨        8.90        9.20        8.86        9.84        10.80       8.86        9.15        64          4235        
8215        明基材      13.75       14.40       13.70       15.20       16.70       13.70       14.20       88          5409        
2314        台揚        16.85       17.60       16.85       18.70       20.55       16.85       17.40       23          2637        
2321        東訊        1.40        1.40        1.39        1.54        1.69        1.39        -           -           86          
2332        友訊        10.00       10.50       9.99        11.10       12.20       9.99        10.30       211         17705       
2345        智邦        150.00      170.00      150.00      164.00      180.00      148.00      169.00      536         13217       
2412        中華電      106.50      107.00      103.00      107.50      118.00      96.80       106.00      2130        34070       
2419        仲琦        20.65       21.20       20.60       22.85       25.10       20.60       20.90       29          1349        
2439        美律        117.50      129.00      117.50      128.50      141.00      116.00      129.00      175         5387        
2444        兆勁        14.90       15.45       14.70       16.15       17.75       14.55       15.20       148         2328        
2450        神腦        29.00       29.00       26.55       29.50       32.45       26.55       27.55       10          494         
2455        全新        77.70       82.40       76.60       85.00       93.50       76.50       82.40       148         5116        
2485        兆赫        13.85       14.45       13.75       15.25       16.75       13.75       14.05       50          4137        
2498        宏達電      29.00       30.20       28.90       32.10       35.30       28.90       29.75       385         16157       
3025        星通        16.00       16.70       15.95       17.70       19.45       15.95       16.20       15          457         
3027        盛達        6.89        7.18        6.57        7.30        8.03        6.57        6.59        7           479         
3045        台灣大      103.00      105.00      99.20       105.50      116.00      95.00       105.00      785         11897       
3047        訊舟        7.20        7.39        7.11        7.90        8.69        7.11        7.20        14          3211        
3062        建漢        12.80       13.30       12.60       14.00       15.40       12.60       13.05       59          3384        
3311        閎暉        23.00       23.45       22.25       24.70       27.15       22.25       23.05       5           455         
3380        明泰        17.70       18.00       17.60       19.55       21.50       17.60       17.80       118         6232        
3419        譁裕        11.65       11.95       11.65       12.90       14.15       11.65       11.65       73          1175        
3596        智易        63.00       65.20       63.00       69.90       76.80       63.00       64.40       123         5106        
3682        亞太電      5.70        5.97        5.61        6.20        6.82        5.58        5.95        186         10860       
3694        海華        13.00       13.35       13.00       14.40       15.80       13.00       13.20       5           553         
3704        合勤控      12.30       12.60       12.30       13.65       15.00       12.30       12.30       186         3695        
4904        遠傳        62.00       62.80       58.20       64.50       70.90       58.10       62.50       538         13593       
4906        正文        19.55       20.00       19.55       21.70       23.85       19.55       19.95       120         6263        
4977        眾達-KY     100.50      104.00      97.20       108.00      118.50      97.20       103.00      105         6309        
5388        中磊        61.00       62.50       60.30       66.90       73.50       60.30       62.30       47          3866        
6136        富爾特      17.95       17.95       17.20       18.70       20.55       16.85       17.50       7           376         
6142        友勁        5.50        5.50        5.22        5.80        6.38        5.22        5.22        10          1070        
6152        百一        5.15        5.20        4.84        5.37        5.90        4.84        4.96        2           460         
6216        居易        26.40       26.40       24.90       26.65       29.30       24.00       25.30       2           558         
6285        啟        54.80       58.40       54.80       60.80       66.80       54.80       57.60       45          6858        
6416        瑞祺電通    105.00      122.00      102.00      113.00      124.00      102.00      119.50      239         6959        
6442        光聖        36.00       36.60       32.95       36.60       40.25       32.95       36.60       1           362         
6674        鋐寶科技    21.70       22.00       20.50       22.75       25.00       20.50       21.50       8           168         
8011        台通        13.00       13.70       12.55       13.90       15.25       12.55       13.15       19          1636        
8101        華冠        4.23        4.49        4.21        4.67        5.13        4.21        4.39        2           1295        
1471        首利        1.70        1.79        1.67        1.85        2.03        1.67        1.75        1           247         
1582        信錦        73.00       73.30       70.00       77.20       84.90       69.50       72.80       25          873         
2059        川湖        319.00      320.00      300.00      331.00      364.00      298.00      319.50      12          309         
2308        台達電      114.00      121.00      111.50      123.50      135.50      111.50      120.00      1471        24137       
2313        華通        31.40       32.35       31.30       34.75       38.20       31.30       32.05       679         30300       
2316        楠梓電      26.65       27.95       26.55       29.50       32.45       26.55       27.80       174         8122        
2327        國巨        313.00      326.50      311.00      345.50      380.00      311.00      320.00      693         24696       
2328        廣宇        16.15       16.75       15.95       17.70       19.45       15.95       16.55       34          4403        
2355        敬鵬        24.00       24.95       23.80       26.40       29.00       23.80       24.75       30          3111        
2367        燿華        20.70       21.20       20.70       22.95       25.20       20.70       21.00       452         24469       
2368        金像電      18.35       21.85       18.30       19.90       21.85       17.95       21.85       1215        149679      
2375        凱美        28.50       29.15       28.50       31.65       34.80       28.50       28.70       93          5291        
2383        台光電      106.00      109.00      104.00      115.50      127.00      104.00      109.00      170         8912        
2385        群光        76.20       81.00       76.20       81.00       89.10       72.90       79.60       320         5573        
2392        正崴        28.40       29.45       28.35       31.50       34.65       28.35       28.45       442         9867        
2402        毅嘉        11.20       11.30       11.00       12.20       13.40       11.00       11.10       49          3940        
2413        環科        10.60       10.95       10.60       11.75       12.90       10.60       10.70       8           731         
2415        錩新        13.10       13.45       13.05       14.45       15.85       13.05       13.40       2           668         
2420        新巨        30.20       30.90       29.55       31.85       35.00       28.70       30.65       5           1167        
2421        建準        32.10       33.60       31.95       35.50       39.05       31.95       32.90       76          4585        
2428        興勤        73.00       74.20       70.80       76.20       83.80       68.60       73.50       28          1279        
2429        銘旺科      21.00       21.80       20.95       23.25       25.55       20.95       21.45       5           459         
2431        聯昌        6.94        6.99        6.85        7.61        8.37        6.85        6.95        7           954         
2440        太空梭      7.01        7.50        6.89        7.56        8.31        6.81        -           -           29          
2456        奇力新      83.00       91.00       82.00       91.10       100.00      82.00       91.00       355         12174       
2457        飛宏        6.51        6.74        6.46        7.17        7.88        6.46        6.57        22          2451        
2460        建通        8.15        8.15        7.72        8.57        9.42        7.72        7.94        1           421         
2462        良得電      23.75       27.05       22.65       24.70       27.15       22.25       27.05       32          556         
2467        志聖        24.70       26.45       24.30       25.75       28.30       23.20       26.20       66          1897        
2472        立隆電      29.50       30.10       29.00       32.20       35.40       29.00       29.95       15          1201        
2476        鉅祥        18.95       18.95       18.00       19.85       21.80       17.90       18.50       18          359         
2478        大毅        58.40       60.40       56.70       63.00       69.30       56.70       58.40       219         11630       
2483        百容        19.00       19.00       18.00       19.35       21.25       17.45       18.35       17          482         
2484        希華        17.50       17.50       16.50       18.25       20.05       16.45       17.10       31          1866        
2492        華新科      162.50      169.00      161.00      178.50      196.00      161.00      168.00      512         23580       
2493        揚博        24.60       25.70       24.60       26.35       28.95       23.75       25.60       4           631         
3003        健和興      33.95       33.95       32.75       36.35       39.95       32.75       33.60       26          1956        
3011        今皓        4.32        4.49        4.32        4.80        5.28        4.32        4.40        11          794         
3015        全漢        17.00       17.45       16.60       18.20       20.00       16.40       17.40       5           603         
3021        鴻名        12.50       13.00       12.50       13.85       15.20       12.50       12.75       4           357         
3023        信邦        107.00      113.50      105.50      117.00      128.50      105.50      111.00      63          3364        
3026        禾伸堂      89.00       94.80       87.90       95.80       105.00      86.30       94.80       355         11475       
3032        偉訓        23.00       23.00       21.85       24.25       26.65       21.85       22.45       3           379         
3037        欣興        30.35       31.50       30.35       33.70       37.05       30.35       31.45       1537        44365       
3042        晶技        43.75       45.00       42.65       47.35       52.00       42.65       43.00       980         18005       
3044        健鼎        95.00       97.50       92.30       102.50      112.50      92.30       96.90       91          2615        
3058        立德        6.03        6.03        5.59        5.98        6.57        5.39        -           -           398         
3090        日電貿      40.55       41.80       40.50       44.95       49.40       40.50       41.80       97          4528        
3229        晟鈦        10.30       10.40       9.72        10.80       11.85       9.72        10.40       27          268         
3296        勝德        11.80       12.40       11.10       12.30       13.50       11.10       12.40       22          315         
3308        聯德        4.98        5.00        4.54        5.00        5.50        4.50        4.54        5           15          
3321        同泰        9.15        9.15        9.14        10.15       11.15       9.14        9.14        13          546         
3338        泰碩        78.00       85.90       76.00       84.30       92.70       75.90       85.00       307         13988       
3376        新日興      112.50      118.00      111.00      123.00      135.00      111.00      117.00      105         4445        
3432        台端        10.05       10.10       9.90        10.60       11.65       9.54        10.00       1           431         
3501        維熹        40.50       42.00       40.50       44.00       48.40       39.60       41.25       6           467         
3533        嘉澤        235.00      251.50      235.00      261.00      287.00      235.00      250.50      68          2061        
3550        聯穎        10.35       10.70       10.25       11.35       12.45       10.25       10.70       4           353         
3593        力銘        8.40        8.49        7.90        8.49        9.33        7.65        8.49        2           334         
3605        宏致        20.00       20.50       19.75       21.90       24.05       19.75       20.30       44          2374        
3607        谷崧        10.70       10.80       10.45       11.60       12.75       10.45       10.80       2           433         
3645        達邁        31.95       32.75       31.95       35.50       39.05       31.95       32.40       27          1558        
3653        健策        155.00      163.50      154.00      171.00      188.00      154.00      160.50      140         7632        
3679        新至陞      49.00       51.90       48.10       52.50       57.70       47.25       51.90       3           144         
4545        銘鈺        25.25       25.25       25.25       28.05       30.85       25.25       25.25       2           102         
4912        聯德控股-KY 65.90       65.90       65.40       72.60       79.80       65.40       65.40       8           113         
4915        致伸        39.00       41.50       38.90       42.95       47.20       38.70       41.00       160         4995        
4927        泰鼎-KY     45.50       50.10       45.50       50.00       55.00       45.00       49.45       259         8811        
4943        康控-KY     106.50      109.00      106.50      118.00      129.50      106.50      108.50      102         2591        
4958        臻鼎-KY     92.00       92.20       91.40       101.50      111.50      91.40       91.40       605         3989        
4989        榮科        16.20       16.55       16.20       18.00       19.80       16.20       16.20       7           740         
4999        鑫禾        32.45       33.20       32.45       36.05       39.65       32.45       32.85       1           282         
5469        瀚宇博      32.00       33.55       31.90       35.40       38.90       31.90       33.15       421         11707       
6108        競國        19.45       21.15       19.35       21.40       23.50       19.30       20.15       13          1080        
6115        鎰勝        41.00       41.00       39.20       41.95       46.10       37.80       40.20       4           994         
6133        金橋        6.99        7.00        6.46        7.17        7.88        6.46        6.84        2           363         
6141        柏承        14.05       15.20       14.00       15.45       16.95       13.95       15.00       86          2466        
6153        嘉聯益      25.40       26.75       25.40       28.20       31.00       25.40       26.45       118         12168       
6155        鈞寶        19.50       19.90       19.20       21.30       23.40       19.20       19.80       33          1186        
6165        捷泰        18.30       18.30       17.35       19.25       21.15       17.35       17.60       11          770         
6191        精成科      11.85       12.65       11.70       13.00       14.30       11.70       12.45       75          5531        
6197        佳必琪      24.10       25.00       23.50       25.95       28.50       23.40       25.00       13          1074        
6205        詮欣        20.70       20.70       19.50       21.60       23.75       19.45       19.80       3           127         
6213        聯茂        120.00      130.00      120.00      133.00      146.00      120.00      130.00      299         5659        
6224        聚鼎        53.40       54.30       51.90       56.60       62.20       51.00       54.30       7           691         
6251        定穎        13.10       14.20       13.05       14.45       15.85       13.05       14.00       278         13699       
6269        台郡        94.00       99.50       93.20       103.50      113.50      93.20       97.80       162         12558       
6282        康舒        18.75       19.10       17.95       19.90       21.85       17.95       18.80       85          5827        
6412        群電        49.15       50.50       49.15       53.30       58.60       48.00       50.00       44          3045        
6449        鈺邦        25.20       27.10       25.20       28.00       30.80       25.20       26.70       2           538         
6672        騰輝電子-KY 69.10       73.20       68.70       76.30       83.90       68.70       72.50       28          1352        
6715        嘉基        73.30       80.90       73.30       81.40       89.50       73.30       80.90       15          635         
8039        台虹        43.30       44.85       42.25       46.90       51.50       42.25       44.30       109         6023        
8046        南電        44.10       46.70       44.10       49.00       53.90       44.10       46.70       239         11618       
8103        瀚荃        20.65       20.65       19.80       21.95       24.10       19.80       19.95       4           417         
8213        志超        27.60       28.95       27.40       30.30       33.30       27.30       28.50       90          3663        
8249        菱光        17.50       17.90       16.75       18.10       19.90       16.30       17.90       24          585         
2347        聯強        33.20       34.30       32.80       35.40       38.90       31.90       33.75       857         13217       
2414        精技        21.30       21.30       20.60       22.00       24.20       19.80       21.15       2           615         
2430        燦坤        14.40       14.40       13.30       14.70       16.15       13.25       13.35       5           267         
2459        敦吉        37.50       37.95       36.25       38.65       42.50       34.80       37.65       5           357         
3010        華立        47.25       49.55       47.25       51.60       56.70       46.45       49.35       16          1071        
3028        增你強      17.70       18.45       17.70       19.55       21.50       17.60       18.40       18          1239        
3033        威健        14.90       15.00       14.30       15.70       17.25       14.15       14.70       24          2286        
3036        文曄        36.00       37.10       35.20       37.65       41.40       33.90       36.80       67          2864        
3048        益登        12.90       13.55       12.75       14.15       15.55       12.75       13.40       26          1377        
3055        蔚華科      25.60       26.10       25.00       27.55       30.30       24.80       25.60       12          605         
3209        全科        16.70       17.65       16.70       18.25       20.05       16.45       17.45       13          1540        
3312        弘憶股      11.70       11.80       11.45       12.70       13.95       11.45       11.70       27          1614        
3528        安馳        35.50       36.75       33.75       37.45       41.15       33.75       36.45       6           167         
3702        大聯大      36.15       38.30       35.70       37.40       41.10       33.70       37.60       747         9140        
3702A       大聯大甲特  50.60       50.60       49.65       51.00       56.10       45.90       50.00       14          1717        
5434        崇越        89.60       92.90       89.50       96.50       106.00      86.90       92.30       52          1782        
6189        豐藝        30.90       31.05       29.85       32.20       35.40       29.00       31.00       41          1405        
6281        全國電      65.00       65.50       62.70       66.00       72.60       59.40       65.00       3           281         
8070        長華        142.00      148.50      139.50      151.50      166.50      136.50      146.00      4           315         
8072        陞泰        20.00       20.30       20.00       20.00       22.00       18.00       20.05       7           689         
8112        至上        30.00       31.60       29.50       31.60       34.75       28.45       31.45       286         8626        
2427        三商電      9.13        10.00       9.00        10.00       11.00       9.00        10.00       40          1147        
2453        凌群        12.60       13.05       12.50       13.85       15.20       12.50       12.90       12          1386        
2468        華經        13.10       13.10       12.15       13.50       14.85       12.15       12.80       17          897         
2471        資通        16.35       17.30       16.30       18.10       19.90       16.30       17.25       33          427         
2480        敦陽科      55.20       57.10       53.80       58.30       64.10       52.50       56.60       33          2871        
3029        零壹        27.20       28.65       27.20       29.85       32.80       26.90       28.40       137         2735        
3130        一零四      140.50      146.50      140.00      149.00      163.50      134.50      146.50      2           64          
4994        傳奇        50.20       51.00       50.10       55.60       61.10       50.10       50.20       37          733         
5203        訊連        100.50      107.50      99.60       109.50      120.00      98.60       106.50      40          2063        
6112        聚碩        33.00       34.20       32.05       34.70       38.15       31.25       34.20       28          1665        
6183        關貿        38.50       38.90       37.10       39.50       43.45       35.55       38.70       2           447         
6214        精誠        71.80       74.70       70.40       75.50       83.00       68.00       74.40       21          1873        
2312        金寶        10.75       11.30       10.40       11.40       12.50       10.30       11.25       244         11865       
2317        鴻海        70.00       75.00       69.90       74.70       82.10       67.30       74.60       5778        108327      
2354        鴻準        50.30       53.80       50.20       55.20       60.70       49.70       53.30       302         9179        
2359        所羅門      16.00       16.90       15.75       17.45       19.15       15.75       16.30       46          1964        
2360        致茂        113.00      124.50      111.00      123.00      135.00      111.00      124.50      246         3989        
2373        震旦行      83.60       85.20       80.60       85.80       94.30       77.30       85.20       27          73          
2390        云辰        7.13        7.43        7.13        7.92        8.71        7.13        7.36        67          1640        
2404        漢唐        157.50      160.00      151.50      168.00      184.50      151.50      158.50      36          4953        
2423        固緯        23.35       23.35       21.65       23.90       26.25       21.55       22.75       5           600         
2433        互盛電      45.20       48.35       45.20       48.95       53.80       44.10       48.10       10          543         
2461        光群雷      12.80       13.10       12.40       13.75       15.10       12.40       13.00       46          3848        
2464        盟立        28.50       29.45       28.20       31.20       34.30       28.10       29.00       45          2024        
2474        可成        182.00      193.00      181.00      201.00      221.00      181.00      190.50      752         10629       
2477        美隆電      17.50       18.05       16.90       18.75       20.60       16.90       17.95       9           917         
2482        連宇        11.55       11.75       11.05       12.25       13.45       11.05       11.15       8           677         
2488        漢平        26.45       27.50       26.20       28.40       31.20       25.60       27.50       17          746         
2495        普安        11.10       11.10       10.70       11.55       12.70       10.40       11.05       9           468         
3018        同開        18.00       18.60       17.85       19.80       21.75       17.85       18.40       23          1167        
3030        德律        44.50       47.60       44.30       48.80       53.60       43.95       47.30       22          1608        
3043        科風        1.62        1.65        1.62        1.80        1.98        1.62        1.62        40          204         
3305        昇貿        19.50       19.75       18.60       20.55       22.60       18.50       19.70       4           275         
3450        聯鈞        59.30       63.80       58.60       65.10       71.60       58.60       62.50       252         9763        
3518        柏騰        20.90       22.70       20.70       22.95       25.20       20.70       22.25       12          1304        
3617        碩天        80.40       83.00       80.40       89.30       98.20       80.40       83.00       22          973         
3665        貿聯-KY     159.50      165.00      157.50      175.00      192.50      157.50      163.50      69          5185        
5225        東科-KY     22.70       24.10       22.50       24.70       27.15       22.25       23.10       78          1145        
6139        亞翔        23.00       23.85       22.90       25.40       27.90       22.90       23.55       16          1168        
6192        巨路        58.80       59.10       57.30       63.00       69.30       56.70       59.10       20          465         
6196        帆宣        56.20       61.70       55.80       61.70       67.80       55.60       61.70       85          2705        
6201        亞弘電      33.25       33.25       32.00       33.95       37.30       30.60       32.90       2           211         
6215        和椿        11.45       11.90       11.45       12.70       13.95       11.45       11.85       13          558         
6283        淳安        16.60       17.00       16.60       18.40       20.20       16.60       16.60       2           998         
6409        旭隼        607.00      650.00      603.00      670.00      737.00      603.00      641.00      7           186         
6558        興能高      40.60       40.80       40.60       45.10       49.60       40.60       40.60       62          660         
6698        旭暉應材    52.30       53.90       52.20       57.90       63.60       52.20       53.40       12          672         
8021        尖點        17.50       17.75       16.90       18.45       20.25       16.65       17.60       50          1948        
8201        無敵        7.56        8.20        7.56        8.40        9.24        7.56        8.20        25          342         
1598        岱宇        35.80       35.80       32.90       36.55       40.20       32.90       33.65       36          703         
1701        中化        18.20       18.70       17.85       19.80       21.75       17.85       18.20       96          5291        
1707        葡萄王      200.00      210.00      198.00      218.50      240.00      197.00      209.00      104         2829        
1720        生達        31.65       31.65       29.75       33.05       36.35       29.75       30.85       9           1103        
1731        美吾華      11.85       12.25       11.85       13.10       14.40       11.80       12.20       29          2312        
1733        五鼎        21.50       21.75       21.00       23.30       25.60       21.00       21.10       24          1085        
1734        杏輝        17.40       17.80       17.35       19.25       21.15       17.35       17.70       34          2076        
1736        喬山        53.90       54.90       52.90       58.70       64.50       52.90       53.80       61          2874        
1760        寶齡富錦    69.40       70.50       69.20       76.80       84.40       69.20       69.90       11          1204        
1762        中化生      34.15       34.90       34.15       37.90       41.65       34.15       34.15       108         2791        
1783        和康生      18.00       18.00       17.95       19.90       21.85       17.95       17.95       33          305         
1786        科妍        44.55       45.80       44.55       49.50       54.40       44.55       44.85       34          881         
1789        神隆        28.05       28.40       27.10       30.10       33.10       27.10       27.20       160         10118       
1795        美時        72.00       73.00       72.00       79.90       87.80       72.00       72.50       70          2573        
3164        景岳        20.55       22.40       20.20       22.40       24.60       20.20       22.40       129         941         
3705        永信        41.00       42.00       40.00       43.05       47.35       38.75       42.00       10          981         
4104        佳醫        50.00       50.80       49.30       51.80       56.90       46.65       50.60       14          995         
4106        雃博        21.25       21.45       21.20       23.55       25.90       21.20       21.40       22          1074        
4108        懷特        14.30       14.50       14.25       15.80       17.35       14.25       14.45       7           706         
4119        旭富        105.50      108.50      103.50      115.00      126.50      103.50      107.00      80          4139        
4133        亞諾法      30.80       31.40       30.60       34.00       37.40       30.60       30.60       23          1633        
4137        麗豐-KY     156.00      169.00      154.50      168.00      184.50      151.50      168.00      37          1415        
4141        龍燈-KY     13.85       13.90       13.20       14.40       15.80       13.00       13.35       13          1268        
4142        國光生      28.10       29.30       27.90       31.00       34.10       27.90       28.35       427         29076       
4144        康聯-KY     23.40       25.80       23.40       26.00       28.60       23.40       25.80       45          239         
4148        全宇生技-KY 25.00       25.45       24.95       27.70       30.45       24.95       24.95       8           406         
4155        訊映        26.30       27.85       26.20       29.10       32.00       26.20       27.00       24          2091        
4164        承業醫      32.10       32.60       31.60       35.10       38.60       31.60       32.30       9           1459        
4190        佐登-KY     73.30       73.80       72.50       80.50       88.50       72.50       73.60       22          911         
4737        華廣        69.60       75.80       69.60       77.00       84.70       69.30       75.80       16          225         
4746        台耀        49.00       50.80       47.20       52.40       57.60       47.20       49.00       273         10990       
6452        康友-KY     170.50      174.00      170.00      188.50      207.00      170.00      170.00      174         2905        
6491        晶碩        110.00      112.00      108.00      119.50      131.00      108.00      111.00      3           482         
6541        泰福-KY     36.00       36.00       34.75       38.60       42.45       34.75       35.95       31          1190        
6666        羅麗芬-KY   106.50      107.00      105.50      117.00      128.50      105.50      105.50      68          332         
