股票代號    公司簡稱    開盤        最高        最低        昨收        漲停價      跌停價      當盤成交價  當盤成交量  累積成交量  
2302        麗正        6.4200      7.0100      6.4100      6.3800      7.0100      5.7500      -           -           1693        
2303        聯電        13.8500     13.9500     13.7500     14.0000     15.4000     12.6000     13.9500     7738        38734       
2329        華泰        9.3500      9.4800      9.1000      9.4200      10.3500     8.4800      9.4800      56          1599        
2330        台積電      263.5000    269.0000    262.5000    273.0000    300.0000    246.0000    267.5000    5411        48934       
2337        旺宏        24.8500     25.8000     24.7000     25.9000     28.4500     23.3500     25.6000     1702        40171       
2338        光罩        23.6500     24.9000     23.6000     24.2000     26.6000     21.8000     24.7000     144         4131        
2342        茂矽        19.3500     20.6500     19.1500     20.2000     22.2000     18.2000     20.2000     142         3216        
2344        華邦電      11.2000     11.7000     11.1000     11.6500     12.8000     10.5000     11.7000     1667        20047       
2351        順德        36.9000     37.8000     36.3000     38.2500     42.0500     34.4500     37.7000     5           597         
2363        矽統        7.9800      8.2000      7.9800      7.9800      8.7700      7.1900      8.0800      108         5171        
2369        菱生        8.0000      8.3000      7.8800      8.1000      8.9100      7.2900      8.2900      47          1736        
2379        瑞昱        197.5000    202.0000    194.5000    201.0000    221.0000    181.0000    199.0000    491         4306        
2388        威盛        18.5500     19.3000     18.3000     19.2500     21.1500     17.3500     19.3000     50          621         
2401        凌陽        8.3300      8.6000      8.2100      8.6000      9.4600      7.7400      8.6000      20          840         
2408        南亞科      52.8000     54.4000     52.0000     55.0000     60.5000     49.5000     53.9000     971         18915       
2434        統懋        5.3600      5.3600      5.3600      5.3600      5.8900      4.8300      5.3600      2           2           
2436        偉詮電      21.4500     21.7500     21.2000     21.9000     24.0500     19.7500     21.7500     19          545         
2441        超豐        38.1500     39.7500     37.1000     38.3500     42.1500     34.5500     39.6500     76          1112        
2449        京元電子    30.1500     30.6500     29.8000     31.0000     34.1000     27.9000     30.4000     413         6674        
2451        創見        67.0000     67.5000     66.0000     68.3000     75.1000     61.5000     66.9000     41          750         
2454        聯發科      329.5000    336.5000    323.0000    340.0000    374.0000    306.0000    336.5000    1122        10670       
2458        義隆        80.1000     83.3000     80.1000     82.4000     90.6000     74.2000     83.0000     162         4794        
2481        強茂        17.3000     18.4500     17.1500     17.9500     19.7000     16.2000     18.4500     128         2421        
3006        晶豪科      27.0000     28.2000     26.8500     27.6500     30.4000     24.9000     28.1500     64          1245        
3014        聯陽        38.0500     39.3000     37.9000     39.1000     43.0000     35.2000     39.2500     21          1075        
3016        嘉晶        46.2000     49.2000     46.0000     47.1000     51.8000     42.4000     49.2000     331         5335        
3034        聯詠        168.5000    174.0000    166.0000    172.0000    189.0000    155.0000    173.5000    466         3356        
3035        智原        35.0000     36.7000     34.6000     36.2000     39.8000     32.6000     36.7000     104         2108        
3041        揚智        11.9000     12.6000     11.9000     12.2500     13.4500     11.0500     12.4500     53          1160        
3054        立萬利      24.6000     25.8000     24.2500     24.7000     27.1500     22.2500     -           -           60          
3094        聯傑        15.2000     15.3500     14.9000     15.3500     16.8500     13.8500     15.3500     11          155         
3189        景碩        35.1500     38.4500     35.1500     36.7500     40.4000     33.1000     38.3000     184         4879        
3257        虹冠電      45.5000     46.2500     45.0000     46.7000     51.3000     42.0500     -           -           54          
3413        京鼎        108.0000    115.0000    108.0000    114.5000    125.5000    103.5000    115.0000    55          1706        
3443        創意        174.5000    187.0000    173.0000    180.0000    198.0000    162.0000    187.0000    95          1023        
3530        晶相光      67.3000     73.0000     67.2000     71.5000     78.6000     64.4000     73.0000     70          1398        
3532        台勝科      125.0000    129.5000    122.0000    127.0000    139.5000    114.5000    129.0000    57          1924        
3536        誠創        2.9200      3.2200      2.9200      3.2300      3.5500      2.9100      -           -           18          
3545        敦泰        26.5000     28.9000     26.4500     27.1000     29.8000     24.4000     28.9000     322         5678        
3583        辛耘        38.2000     38.4000     37.3000     38.5500     42.4000     34.7000     38.3000     4           124         
3588        通嘉        23.3000     24.0000     22.6000     23.3000     25.6000     21.0000     23.6500     3           93          
3661        世芯-KY     190.5000    200.5000    188.5000    196.5000    216.0000    177.0000    200.0000    314         5340        
3686        達能        2.8900      2.8900      2.7700      2.9300      3.2200      2.6400      2.8500      2           187         
3711        日月光投控  57.5000     60.3000     57.0000     59.8000     65.7000     53.9000     59.2000     2192        11944       
4919        新唐        30.1000     31.0500     29.8000     30.7500     33.8000     27.7000     31.0500     17          499         
4952        凌通        25.9500     26.0500     25.3500     26.0500     28.6500     23.4500     26.0500     1           116         
4961        天鈺        22.9000     23.6500     22.6000     23.3500     25.6500     21.0500     23.5500     6           461         
4967        十銓        32.4000     33.5000     31.8500     34.7500     38.2000     31.3000     32.8500     279         8733        
4968        立積        109.5000    122.0000    109.5000    113.5000    124.5000    102.5000    119.5000    170         4357        
5269        祥碩        773.0000    802.0000    760.0000    780.0000    858.0000    702.0000    802.0000    105         1599        
5285        界霖        37.0000     37.9000     36.4000     38.0000     41.8000     34.2000     37.5000     2           142         
5305        敦南        39.7000     39.8000     39.2000     39.8000     43.7500     35.8500     39.7500     2           199         
5471        松翰        35.0500     36.6500     35.0500     36.0000     39.6000     32.4000     36.2000     261         4433        
6202        盛群        59.0000     60.1000     58.6000     59.4000     65.3000     53.5000     60.1000     65          658         
6239        力成        81.0000     84.9000     80.5000     83.6000     91.9000     75.3000     83.9000     397         4243        
6243        迅杰        5.8300      5.8300      5.7500      5.8600      6.4400      5.2800      5.8000      6           42          
6257        矽格        30.2000     30.9000     29.9500     30.6500     33.7000     27.6000     30.7000     105         2319        
6271        同欣電      107.5000    110.5000    104.5000    111.0000    122.0000    99.9000     109.0000    117         2864        
6415        矽力-KY     1000.0000   1000.0000   980.0000    1005.0000   1105.0000   905.0000    989.0000    13          140         
6451        訊芯-KY     84.0000     86.8000     81.6000     86.9000     95.5000     78.3000     86.7000     48          1905        
6525        捷敏-KY     46.5000     47.3500     46.0000     47.5500     52.3000     42.8000     47.3500     5           189         
6531        愛普        85.0000     87.3000     82.5000     87.5000     96.2000     78.8000     86.2000     144         3185        
6533        晶心科      79.0000     83.5000     78.9000     81.8000     89.9000     73.7000     81.8000     28          383         
6552        易華電      44.1000     47.0000     43.7000     45.8500     50.4000     41.3000     46.8500     27          768         
6573        虹揚-KY     13.3000     14.2000     13.1500     13.9500     15.3000     12.6000     13.9500     2           51          
8016        矽創        114.0000    118.5000    112.5000    117.5000    129.0000    106.0000    118.0000    56          1799        
8028        昇陽半導體  42.1000     43.6000     41.7000     43.5000     47.8500     39.1500     43.3000     40          1276        
8081        致新        97.5000     102.0000    96.5000     100.0000    110.0000    90.0000     101.5000    27          896         
8110        華東        7.7700      7.9200      7.5700      7.9400      8.7300      7.1500      7.8900      11          692         
8131        福懋科      31.2000     32.1500     30.8500     32.0000     35.2000     28.8000     32.1000     9           489         
8150        南茂        25.5000     26.7500     25.3000     26.1500     28.7500     23.5500     26.6000     131         3517        
8261        富鼎        17.4000     18.0000     17.1500     17.9500     19.7000     16.2000     18.0000     7           283         
8271        宇瞻        35.5000     36.6000     35.0000     35.8000     39.3500     32.2500     36.4500     71          1889        
2301        光寶科      41.2000     41.3000     40.3500     40.9500     45.0000     36.9000     41.0000     1618        5727        
2305        全友        3.8200      4.3300      3.8200      4.1500      4.5600      3.7400      4.2000      16          359         
2324        仁寶        17.1500     17.4500     16.9500     17.4000     19.1000     15.7000     17.3000     2210        12316       
2331        精英        8.1500      8.2700      8.0100      8.3000      9.1300      7.4700      8.1500      15          329         
2352        佳世達      14.8000     15.2500     14.6500     15.1000     16.6000     13.6000     15.1000     186         3732        
2353        宏        14.7000     16.2000     14.6500     14.7500     16.2000     13.3000     16.2000     1624        55594       
2356        英業達      21.6500     22.1500     21.4500     21.7500     23.9000     19.6000     22.1000     1170        6711        
2357        華碩        191.5000    194.5000    189.0000    192.0000    211.0000    173.0000    193.0000    309         2605        
2362        藍天        27.7000     28.6500     27.6000     28.2000     31.0000     25.4000     28.6000     74          756         
2364        倫飛        2.0100      2.0100      1.9900      1.8900      2.0700      1.7100      2.0000      97          280         
2365        昆盈        6.9000      7.3000      6.7400      6.9900      7.6800      6.3000      7.1000      6           897         
2376        技嘉        46.6500     47.8000     46.0000     46.8500     51.5000     42.2000     46.8500     366         8562        
2377        微星        83.0000     85.8000     81.7000     84.1000     92.5000     75.7000     84.2000     458         3934        
2380        虹光        3.1300      3.1300      3.0400      3.1100      3.4200      2.8000      3.0400      20          81          
2382        廣達        59.1000     60.0000     58.6000     60.2000     66.2000     54.2000     59.6000     1310        7046        
2387        精元        23.5000     25.1000     23.3500     24.0000     26.4000     21.6000     25.1000     191         4336        
2395        研華        245.0000    249.0000    242.5000    252.0000    277.0000    227.0000    246.0000    169         826         
2397        友通        59.7000     61.7000     59.1000     61.5000     67.6000     55.4000     61.5000     3           88          
2399        映泰        7.6000      7.8800      7.6000      7.9200      8.7100      7.1300      7.8800      11          184         
2405        浩鑫        6.9500      7.2500      6.8800      7.1000      7.8100      6.3900      7.2000      16          883         
2417        圓剛        9.2200      9.9300      9.2100      9.5000      10.4500     8.5500      9.8000      106         2778        
2424        隴華        19.5500     19.5500     19.5000     20.9000     22.9500     18.8500     -           -           4           
2425        承啟        26.6000     26.7000     26.0000     26.7000     29.3500     24.0500     26.7000     7           188         
2442        新美齊      6.2100      6.3000      6.2000      6.4500      7.0900      5.8100      6.2700      50          1294        
2465        麗臺        6.3800      6.4800      6.3600      6.5500      7.2000      5.9000      -           -           82          
3002        歐格        9.6000      10.3000     9.6000      10.0000     11.0000     9.0000      10.0500     5           61          
3005        神基        42.2000     42.7500     41.6500     42.0000     46.2000     37.8000     42.2000     95          1433        
3013        晟銘電      11.0000     11.2000     10.9000     11.1000     12.2000     9.9900      11.1000     11          157         
3017        奇鋐        28.3000     29.9500     28.2000     29.0000     31.9000     26.1000     29.9500     310         5611        
3022        威強電      30.2500     30.2500     29.7000     30.7000     33.7500     27.6500     29.8000     22          192         
3046        建        7.0000      7.0000      7.0000      7.1800      7.8900      6.4700      -           -           2           
3057        喬鼎        3.9300      3.9300      3.8000      3.9900      4.3800      3.6000      3.8700      1           196         
3060        銘異        10.3000     10.7500     10.3000     10.9000     11.9500     9.8100      10.7500     20          504         
3231        緯創        23.2000     24.0000     23.1000     23.7500     26.1000     21.4000     23.8500     2048        16365       
3416        融程電      50.0000     50.0000     49.8500     50.5000     55.5000     45.4500     50.0000     1           48          
3494        誠研        3.1500      3.1700      3.0900      3.2100      3.5300      2.8900      3.1200      3           143         
3515        華擎        93.1000     103.5000    91.3000     94.2000     103.5000    84.8000     103.5000    10          4156        
3701        大眾控      11.7500     12.8000     11.7500     11.7500     12.9000     10.6000     -           -           5           
3706        神達        26.1000     27.0000     25.8500     26.8500     29.5000     24.2000     26.9500     171         5212        
3712        永崴投控    11.0000     11.2000     10.7500     11.0500     12.1500     9.9500      11.2000     6           188         
4916        事欣科      23.1000     23.7500     22.2000     23.7000     26.0500     21.3500     23.7500     20          435         
4938        和碩        58.5000     60.1000     58.3000     60.1000     66.1000     54.1000     59.3000     1362        11166       
5215        科嘉-KY     54.7000     56.7000     54.2000     54.8000     60.2000     49.3500     56.7000     25          574         
5258        虹堡        21.6500     21.6500     19.9000     19.7000     21.6500     17.7500     20.6000     58          1116        
5264        鎧勝-KY     35.0000     36.1000     34.6000     36.2500     39.8500     32.6500     35.8000     31          1271        
6117        迎廣        12.9000     13.3000     12.4000     12.3000     13.5000     11.1000     13.3000     9           38          
6128        上福        27.7500     28.1500     27.5500     28.0000     30.8000     25.2000     27.8500     3           93          
6166        凌華        66.6000     69.9000     65.1000     67.5000     74.2000     60.8000     68.7000     72          2209        
6172        互億        20.4500     21.1500     20.0500     20.5500     22.6000     18.5000     20.7000     60          374         
6206        飛捷        60.0000     60.1000     58.8000     60.7000     66.7000     54.7000     59.9000     11          324         
6230        超眾        216.0000    229.5000    211.5000    216.5000    238.0000    195.0000    225.0000    207         2516        
6235        華孚        7.6400      7.9400      7.5600      8.3400      9.1700      7.5100      7.9200      9           327         
6277        宏正        78.6000     78.6000     77.0000     78.8000     86.6000     71.0000     78.2000     7           109         
6414        樺漢        140.0000    146.5000    138.0000    148.5000    163.0000    134.0000    146.5000    37          765         
6579        研揚        58.8000     60.7000     58.8000     59.3000     65.2000     53.4000     59.5000     1           60          
6591        動力-KY     32.5000     32.6000     31.5500     33.0000     36.3000     29.7000     32.2500     10          338         
6669        緯穎        662.0000    684.0000    661.0000    677.0000    744.0000    610.0000    674.0000    87          1199        
8114        振樺電      69.9000     74.5000     69.6000     71.8000     78.9000     64.7000     74.5000     10          236         
8163        達方        29.3000     29.7000     28.7000     29.5500     32.5000     26.6000     29.6500     14          902         
8210        勤誠        72.4000     74.8000     71.2000     74.4000     81.8000     67.0000     74.4000     17          744         
9912        偉聯        5.7300      5.8300      5.6300      5.7700      6.3400      5.2000      -           -           20          
2323        中環        6.4400      6.6600      6.3800      6.5300      7.1800      5.8800      6.6300      211         9910        
2340        光磊        17.2000     17.7500     17.0000     17.7000     19.4500     15.9500     17.7000     85          1067        
2349        錸德        3.9700      4.3000      3.9700      4.1500      4.5600      3.7400      4.2300      54          5426        
2374        佳能        9.9200      10.4500     9.9200      10.4000     11.4000     9.3600      10.2000     3           111         
2393        億光        23.6000     24.5500     23.4000     24.2000     26.6000     21.8000     24.5500     100         2216        
2406        國碩        8.3900      8.8500      8.1600      8.6800      9.5400      7.8200      8.8500      60          979         
2409        友達        6.4000      6.4800      6.2000      6.7700      7.4400      6.1000      6.4800      5343        79376       
2426        鼎元        9.0000      9.4500      8.9500      9.3500      10.2500     8.4200      9.4500      35          414         
2438        翔耀        5.6000      5.6000      5.6000      5.6000      6.1600      5.0400      -           -           2           
2448        晶電        25.3000     26.2000     25.2000     26.3000     28.9000     23.7000     26.2000     431         8611        
2466        冠西電      32.1000     32.1500     31.7500     32.1000     35.3000     28.9000     32.1500     2           57          
2486        一詮        5.7200      5.8100      5.5200      5.9700      6.5600      5.3800      5.7700      9           683         
2489        瑞軒        6.6800      6.6800      6.4500      6.7000      7.3700      6.0300      6.5600      26          930         
2491        吉祥全      7.0200      7.2300      7.0100      7.3000      8.0300      6.5700      7.0100      15          21          
2499        東貝        5.3900      5.6800      5.3900      5.8500      6.4300      5.2700      5.6300      24          1346        
3008        大立光      3775.0000   3810.0000   3710.0000   3870.0000   4255.0000   3485.0000   3785.0000   109         799         
3019        亞光        59.6000     62.0000     58.6000     61.0000     67.1000     54.9000     61.9000     127         2146        
3024        憶聲        6.3600      6.3600      6.2200      6.3600      6.9900      5.7300      6.3000      1           112         
3031        佰鴻        12.4500     12.7000     11.8500     12.5500     13.8000     11.3000     12.7000     65          550         
3038        全台        15.2500     15.8500     15.0500     15.5000     17.0500     13.9500     15.8500     159         3756        
3049        和鑫        9.0300      9.1800      8.8800      9.2100      10.1000     8.2900      9.1600      123         5308        
3050        鈺德        8.7600      9.1400      8.7600      8.9100      9.8000      8.0200      9.0500      3           205         
3051        力特        2.4900      2.7700      2.4900      2.7300      3.0000      2.4600      2.6000      10          45          
3059        華晶科      17.1000     17.1500     16.7000     17.3500     19.0500     15.6500     17.1500     15          305         
3149        正達        4.9800      5.1200      4.9000      5.0200      5.5200      4.5200      5.1200      4           333         
3356        奇偶        18.4500     18.6500     18.0000     18.5500     20.4000     16.7000     18.4500     17          198         
3383        新世紀      4.0500      4.2100      3.9700      4.2000      4.6200      3.7800      4.2100      1           88          
3406        玉晶光      390.0000    407.0000    388.5000    410.0000    451.0000    369.0000    403.5000    659         12381       
3437        榮創        11.0500     11.3000     10.9500     11.3000     12.4000     10.2000     11.3000     3           394         
3454        晶睿        59.2000     61.4000     59.2000     61.7000     67.8000     55.6000     61.0000     3           69          
3481        群創        5.3000      5.3000      5.1300      5.4400      5.9800      4.9000      5.2500      4983        96300       
3504        揚明光      43.0000     43.2000     41.2000     43.6000     47.9500     39.2500     43.2000     14          172         
3535        晶彩科      11.8500     12.8000     11.8000     12.1000     13.3000     10.9000     12.3000     79          877         
3557        嘉威        45.7500     45.7500     45.7500     41.6000     45.7500     37.4500     -           -           270         
3563        牧德        247.0000    253.5000    244.5000    261.0000    287.0000    235.0000    251.0000    81          1935        
3576        聯合再生    4.8200      4.8700      4.7600      5.0400      5.5400      4.5400      4.8500      361         7050        
3591        艾笛森      8.7000      8.7900      8.6500      8.6800      9.5400      7.8200      8.7500      5           87          
3622        洋華        17.1000     17.5000     17.0000     17.4000     19.1000     15.7000     17.3500     2           157         
3669        圓展        22.2500     25.0000     22.2500     22.7500     25.0000     20.5000     25.0000     92          3067        
3673        TPK-KY      34.0000     35.0000     33.7000     34.8000     38.2500     31.3500     35.0000     110         2025        
3698        隆達        11.1500     11.6500     11.0000     11.4500     12.5500     10.3500     11.6000     102         895         
4934        太極        10.9500     11.3500     10.6000     11.6500     12.8000     10.5000     11.3000     43          2218        
4935        茂林-KY     103.0000    111.0000    102.0000    105.5000    116.0000    95.0000     111.0000    417         8172        
4942        嘉彰        27.6000     28.1000     27.3000     28.1000     30.9000     25.3000     28.1000     13          400         
4956        光鋐        8.4000      8.6100      8.3000      8.4500      9.2900      7.6100      8.6000      10          156         
4960        誠美材      4.5400      4.6200      4.4200      4.2000      4.6200      3.7800      -           -           1008        
4976        佳凌        15.2500     15.5000     15.1000     15.8000     17.3500     14.2500     15.3000     13          316         
5234        達興材料    68.4000     69.9000     67.0000     69.4000     76.3000     62.5000     69.6000     3           149         
5243        乙盛-KY     25.2000     26.1000     25.2000     25.9000     28.4500     23.3500     25.9000     2           301         
5484        慧友        7.8400      7.8400      7.0300      7.4100      8.1500      6.6700      7.1600      1           24          
6116        彩晶        5.2000      5.2600      5.1100      5.3100      5.8400      4.7800      5.2300      351         9378        
6120        達運        9.0000      9.3500      8.8000      9.2500      10.1500     8.3300      9.1700      28          1003        
6131        鈞泰        3.0500      3.0500      3.0000      3.0500      3.3500      2.7500      3.0000      39          147         
6164        華興        4.7800      4.8500      4.6000      4.8500      5.3300      4.3700      4.8500      114         161         
6168        宏齊        9.9000      10.0500     9.8100      10.0500     11.0500     9.0500      10.0000     5           216         
6176        瑞儀        78.0000     80.5000     77.2000     80.2000     88.2000     72.2000     79.8000     226         3713        
6209        今國光      17.3000     17.5500     16.7000     17.6000     19.3500     15.8500     17.4000     17          384         
6225        天瀚        1.5400      1.6000      1.5400      1.6700      1.8300      1.5100      -           -           6           
6226        光鼎        6.5300      6.5300      6.4000      6.4300      7.0700      5.7900      6.4700      76          888         
6278        台表科      66.0000     69.5000     65.4000     69.2000     76.1000     62.3000     69.5000     307         7049        
6289        華上        1.4200      1.5000      1.4200      1.5400      1.6900      1.3900      1.5000      1           23          
6405        悅城        10.4500     10.9000     10.4500     10.5000     11.5500     9.4500      10.8000     1           43          
6431        光麗-KY     18.0000     18.6000     18.0000     18.8000     20.6500     16.9500     -           -           7           
6443        元晶        4.7700      5.0300      4.7700      5.1500      5.6600      4.6400      4.9900      28          989         
6456        GIS-KY      76.3000     79.0000     75.6000     78.3000     86.1000     70.5000     78.5000     57          1633        
6477        安集        17.4000     17.6000     17.3000     17.6000     19.3500     15.8500     17.6000     12          105         
6668        中揚光      47.2500     49.2500     46.3500     49.3000     54.2000     44.4000     49.0000     19          511         
6706        惠特        64.2000     67.4000     63.2000     66.4000     73.0000     59.8000     66.5000     9           576         
8104        錸寶        28.1000     29.3500     28.0000     28.7000     31.5500     25.8500     29.2000     5           67          
8105        凌巨        7.8000      7.9700      7.7300      8.0600      8.8600      7.2600      7.9200      34          925         
8215        明基材      13.6000     13.7500     13.2000     13.7500     15.1000     12.4000     13.7000     39          1367        
2314        台揚        14.5500     15.3500     14.3000     15.1500     16.6500     13.6500     15.2000     16          781         
2321        東訊        1.0800      1.1600      1.0800      1.1600      1.2700      1.0500      1.1000      4           22          
2332        友訊        10.3000     11.0000     10.1500     10.3000     11.3000     9.2700      10.9500     222         5568        
2345        智邦        152.0000    158.0000    151.0000    156.5000    172.0000    141.0000    158.0000    478         4420        
2412        中華電      106.5000    107.0000    106.0000    107.5000    118.0000    96.8000     106.5000    1756        6501        
2419        仲琦        16.4500     18.3000     16.2500     16.6500     18.3000     15.0000     18.3000     3           1761        
2439        美律        119.0000    124.5000    118.0000    121.5000    133.5000    109.5000    124.5000    255         2530        
2444        兆勁        14.0000     14.2000     13.6500     14.3500     15.7500     12.9500     14.1000     44          1661        
2450        神腦        26.0000     26.3000     25.8000     26.2500     28.8500     23.6500     26.2000     1           111         
2455        全新        75.6000     78.5000     74.5000     77.5000     85.2000     69.8000     78.5000     87          2126        
2485        兆赫        12.7000     13.1000     12.5500     12.9500     14.2000     11.7000     12.9500     8           403         
2498        宏達電      27.2000     28.3000     27.2000     27.9500     30.7000     25.2000     28.3000     237         5094        
3025        星通        14.4000     14.6000     14.1000     14.5500     16.0000     13.1000     14.6000     2           31          
3027        盛達        5.4300      5.4300      5.3500      5.4300      5.9700      4.8900      -           -           51          
3045        台灣大      100.0000    101.0000    99.5000     101.5000    111.5000    91.4000     100.0000    1008        4382        
3047        訊舟        6.4400      6.4500      6.3000      6.5700      7.2200      5.9200      6.4200      22          745         
3062        建漢        11.6000     12.1500     11.2000     11.9500     13.1000     10.8000     12.1000     28          879         
3311        閎暉        18.6000     18.6000     18.3000     18.9500     20.8000     17.1000     18.5500     2           66          
3380        明泰        15.5000     16.3000     15.4000     15.9000     17.4500     14.3500     16.3000     58          2386        
3419        譁裕        9.7300      10.1000     9.7300      10.0500     11.0500     9.0500      10.0500     13          184         
3596        智易        64.2000     67.2000     63.8000     65.9000     72.4000     59.4000     67.0000     90          2518        
3682        亞太電      5.5500      5.6400      5.5100      5.7400      6.3100      5.1700      5.6200      52          2675        
3694        海華        12.1500     12.2000     11.7000     12.2000     13.4000     11.0000     12.0500     2           70          
3704        合勤控      11.9000     12.4500     11.8500     12.1000     13.3000     10.9000     12.4500     99          1440        
4904        遠傳        63.1000     63.2000     62.1000     64.9000     71.3000     58.5000     62.5000     1201        3741        
4906        正文        17.8000     19.0000     17.5000     18.0000     19.8000     16.2000     19.0000     74          2863        
4977        眾達-KY     78.9000     84.9000     78.7000     81.8000     89.9000     73.7000     84.5000     98          1722        
5388        中磊        62.0000     62.7000     61.1000     62.5000     68.7000     56.3000     62.7000     32          761         
6136        富爾特      16.8500     17.0000     16.5000     16.9000     18.5500     15.2500     17.0000     16          105         
6142        友勁        4.8100      5.1700      4.8100      5.2300      5.7500      4.7100      5.1700      3           162         
6152        百一        4.3900      4.5500      4.3900      4.4600      4.9000      4.0200      -           -           153         
6216        居易        23.6500     24.1500     23.1500     23.6500     26.0000     21.3000     24.1500     2           144         
6285        啟        50.1000     51.3000     49.3500     51.3000     56.4000     46.2000     51.0000     24          1558        
6416        瑞祺電通    110.0000    118.0000    108.0000    112.0000    123.0000    101.0000    118.0000    213         2795        
6442        光聖        31.9000     31.9500     31.9000     31.1500     34.2500     28.0500     -           -           5           
6674        鋐寶科技    18.4000     18.5500     18.2000     18.5500     20.4000     16.7000     18.5500     3           36          
8011        台通        10.8000     11.0000     10.5500     10.9500     12.0000     9.8600      10.8500     9           216         
8101        華冠        4.0700      4.1000      4.0000      4.1400      4.5500      3.7300      4.1000      15          256         
1471        首利        1.4300      1.5100      1.4000      1.5500      1.7000      1.4000      1.5100      2           137         
1582        信錦        64.2000     64.6000     63.1000     64.8000     71.2000     58.4000     64.6000     22          467         
2059        川湖        289.0000    292.5000    271.0000    291.0000    320.0000    262.0000    292.5000    9           318         
2308        台達電      117.0000    119.5000    115.0000    118.0000    129.5000    106.5000    119.5000    839         4749        
2313        華通        29.6000     31.4000     29.5000     30.8000     33.8500     27.7500     31.1000     875         32339       
2316        楠梓電      22.8500     24.0500     22.4000     23.4500     25.7500     21.1500     23.7500     51          1724        
2327        國巨        267.5000    280.0000    267.0000    280.5000    308.5000    252.5000    278.0000    544         9821        
2328        廣宇        15.8500     16.3000     15.7500     16.1500     17.7500     14.5500     16.2000     58          1369        
2355        敬鵬        20.2000     20.7500     20.0000     20.8000     22.8500     18.7500     20.5000     18          963         
2367        燿華        17.9000     19.5000     17.7500     18.5500     20.4000     16.7000     19.5000     700         17035       
2368        金像電      23.1500     23.6500     22.5000     23.1000     25.4000     20.8000     23.6000     4196        98875       
2375        凱美        29.0500     30.0000     28.5000     29.6500     32.6000     26.7000     29.6000     54          1702        
2383        台光電      103.5000    108.0000    102.5000    105.5000    116.0000    95.0000     108.0000    118         2488        
2385        群光        74.4000     77.0000     74.4000     76.6000     84.2000     69.0000     76.4000     291         2586        
2392        正崴        27.9500     29.5000     27.8000     28.9000     31.7500     26.0500     29.5000     146         2432        
2402        毅嘉        10.6000     11.0000     10.4000     10.8000     11.8500     9.7200      11.0000     14          727         
2413        環科        9.5000      9.8700      9.2200      9.6000      10.5500     8.6400      9.8300      15          277         
2415        錩新        11.3000     11.6000     11.2000     11.5000     12.6500     10.3500     11.5000     1           75          
2420        新巨        28.0500     28.6000     27.7000     28.8500     31.7000     26.0000     28.6000     8           303         
2421        建準        30.0500     30.9000     29.7000     30.4500     33.4500     27.4500     30.9000     118         1661        
2428        興勤        72.5000     74.3000     71.5000     73.1000     80.4000     65.8000     74.3000     30          448         
2429        銘旺科      17.8000     18.3000     17.4500     18.5000     20.3500     16.6500     18.0000     3           77          
2431        聯昌        6.5500      6.7700      6.5100      6.7500      7.4200      6.0800      6.7600      1           110         
2440        太空梭      7.2000      7.4500      7.2000      7.4000      8.1400      6.6600      -           -           9           
2456        奇力新      76.6000     79.4000     76.0000     79.1000     87.0000     71.2000     79.2000     128         3329        
2457        飛宏        5.7500      5.8500      5.5000      5.8200      6.4000      5.2400      5.8300      21          362         
2460        建通        6.3500      6.8000      6.3500      6.7500      7.4200      6.0800      -           -           34          
2462        良得電      24.5000     24.5000     24.3000     24.5000     26.9500     22.0500     24.4500     4           211         
2467        志聖        24.8000     25.2000     24.6000     25.1500     27.6500     22.6500     25.1500     10          288         
2472        立隆電      26.8500     27.4000     26.4000     27.4500     30.1500     24.7500     27.3000     6           233         
2476        鉅祥        18.5500     18.5500     17.8500     18.5500     20.4000     16.7000     18.3500     3           76          
2478        大毅        50.3000     52.6000     50.3000     52.6000     57.8000     47.3500     52.6000     174         3750        
2483        百容        16.1500     16.2000     15.9000     16.2000     17.8000     14.6000     16.2000     30          120         
2484        希華        15.4000     15.6000     15.1500     15.6000     17.1500     14.0500     15.5500     4           549         
2492        華新科      153.0000    163.5000    152.5000    160.5000    176.5000    144.5000    162.0000    698         13496       
2493        揚博        26.0000     26.5000     25.8000     26.4000     29.0000     23.8000     26.4000     4           434         
3003        健和興      29.4000     29.4000     28.7500     29.7500     32.7000     26.8000     29.1000     38          696         
3011        今皓        4.4000      4.6000      4.3900      4.5000      4.9500      4.0500      4.4100      5           139         
3015        全漢        18.4000     18.7000     18.0000     18.4500     20.2500     16.6500     18.7000     11          247         
3021        鴻名        10.8500     11.1000     10.8000     11.2000     12.3000     10.1000     10.9500     5           83          
3023        信邦        115.5000    122.0000    115.5000    117.0000    128.5000    105.5000    120.5000    45          1399        
3026        禾伸堂      86.0000     88.9000     85.3000     88.0000     96.8000     79.2000     88.9000     56          1403        
3032        偉訓        23.5000     23.8000     22.5000     23.5500     25.9000     21.2000     23.8000     4           90          
3037        欣興        29.2000     30.9000     29.0000     30.2500     33.2500     27.2500     30.9000     1083        26045       
3042        晶技        40.6500     42.8000     40.1500     41.6500     45.8000     37.5000     42.5000     158         4015        
3044        健鼎        92.5000     96.3000     91.1000     97.0000     106.5000    87.3000     94.7000     171         1876        
3058        立德        4.9300      5.0500      4.9300      5.0500      5.5500      4.5500      5.0000      6           152         
3090        日電貿      40.0000     41.8000     39.6000     41.4500     45.5500     37.3500     41.8000     146         4065        
3229        晟鈦        9.0500      9.0500      8.5100      8.9500      9.8400      8.0600      8.9500      3           49          
3296        勝德        12.7000     13.0000     12.5500     13.1500     14.4500     11.8500     -           -           135         
3308        聯德        4.2400      4.2900      4.2400      4.1900      4.6000      3.7800      -           -           7           
3321        同泰        5.8700      6.2100      5.8600      5.6500      6.2100      5.0900      6.2100      25          148         
3338        泰碩        85.3000     88.7000     85.0000     84.7000     93.1000     76.3000     87.1000     262         6537        
3376        新日興      114.5000    117.5000    111.0000    114.0000    125.0000    103.0000    115.5000    222         4532        
3432        台端        9.1200      9.1200      9.0000      9.1800      10.0500     8.2700      -           -           4           
3501        維熹        40.6000     40.8500     40.0000     40.6500     44.7000     36.6000     40.7500     3           138         
3533        嘉澤        266.5000    283.0000    263.5000    272.0000    299.0000    245.0000    280.0000    38          819         
3550        聯穎        9.9400      10.2000     9.9000      9.9800      10.9500     8.9900      10.1500     1           74          
3593        力銘        7.5100      7.7100      7.5100      7.5100      8.2600      6.7600      -           -           4           
3605        宏致        17.8500     18.6000     17.6500     18.7000     20.5500     16.8500     18.6000     44          555         
3607        谷崧        8.8500      9.1500      8.8500      9.3500      10.2500     8.4200      8.9400      4           101         
3645        達邁        29.7000     29.9500     29.0000     30.0000     33.0000     27.0000     29.8000     7           231         
3653        健策        167.0000    176.5000    166.5000    172.5000    189.5000    155.5000    176.5000    320         5802        
3679        新至陞      48.6000     49.4500     48.1500     49.8000     54.7000     44.8500     49.3500     2           62          
4545        銘鈺        23.5000     23.5000     22.5000     23.0500     25.3500     20.7500     23.5000     3           58          
4912        聯德控股-KY 68.7000     68.7000     67.8000     69.0000     75.9000     62.1000     68.7000     2           39          
4915        致伸        37.8000     38.7000     37.3500     38.7000     42.5500     34.8500     38.6000     49          1628        
4927        泰鼎-KY     46.5500     48.8500     46.5000     48.4000     53.2000     43.6000     48.7000     199         3126        
4943        康控-KY     91.9000     98.0000     91.6000     94.5000     103.5000    85.1000     97.0000     115         2414        
4958        臻鼎-KY     90.2000     91.7000     88.5000     93.0000     102.0000    83.7000     91.1000     551         6238        
4989        榮科        13.3000     14.0000     13.3000     13.6000     14.9500     12.2500     13.9000     1           103         
4999        鑫禾        31.0000     31.0000     30.1000     31.0500     34.1500     27.9500     30.8500     2           34          
5469        瀚宇博      31.5500     33.2000     31.3000     32.5000     35.7500     29.2500     33.2000     160         4032        
6108        競國        19.1500     19.3000     18.7000     19.4000     21.3000     17.5000     19.3000     17          707         
6115        鎰勝        39.5500     39.9000     39.0000     39.5500     43.5000     35.6000     39.9000     3           106         
6133        金橋        6.4400      6.4400      6.0700      6.3500      6.9800      5.7200      -           -           69          
6141        柏承        14.7500     15.8000     14.4500     14.8000     16.2500     13.3500     15.2500     97          4358        
6153        嘉聯益      21.8500     23.7000     21.8500     23.1500     25.4500     20.8500     23.6000     149         4163        
6155        鈞寶        17.1500     18.1500     17.1500     17.9500     19.7000     16.2000     17.8500     21          228         
6165        捷泰        17.6000     19.6000     17.6000     19.0500     20.9500     17.1500     19.6000     6           243         
6191        精成科      11.5000     12.0000     11.5000     12.0000     13.2000     10.8000     11.9000     38          1068        
6197        佳必琪      26.6000     27.4500     26.0500     26.8000     29.4500     24.1500     27.3000     27          683         
6205        詮欣        18.9500     19.4000     18.9500     19.6000     21.5500     17.6500     -           -           24          
6213        聯茂        127.5000    132.5000    126.5000    130.0000    143.0000    117.0000    132.5000    313         4584        
6224        聚鼎        54.1000     54.9000     53.3000     54.5000     59.9000     49.0500     54.9000     2           207         
6251        定穎        14.1000     14.7500     14.0000     14.6500     16.1000     13.2000     14.7000     204         6181        
6269        台郡        93.0000     96.7000     92.9000     95.5000     105.0000    86.0000     96.2000     167         3162        
6282        康舒        17.9000     18.1000     17.6500     18.2000     20.0000     16.4000     18.0500     67          1803        
6412        群電        50.4000     51.2000     49.2000     50.0000     55.0000     45.0000     50.8000     37          831         
6449        鈺邦        23.0000     23.3500     22.6500     23.0500     25.3500     20.7500     23.3500     1           87          
6672        騰輝電子-KY 72.8000     75.8000     72.8000     74.7000     82.1000     67.3000     75.4000     12          335         
6715        嘉基        70.6000     74.5000     70.0000     73.8000     81.1000     66.5000     74.5000     5           327         
8039        台虹        40.0000     42.3500     40.0000     41.5500     45.7000     37.4000     42.2000     18          1234        
8046        南電        49.5000     52.8000     49.4500     50.4000     55.4000     45.4000     52.4000     840         17286       
8103        瀚荃        19.0000     19.1000     18.5000     19.0000     20.9000     17.1000     19.0500     9           108         
8213        志超        27.9000     28.6000     27.6500     28.8000     31.6500     25.9500     28.5500     31          1042        
8249        菱光        16.9000     17.0000     16.6500     17.0000     18.7000     15.3000     16.8500     2           136         
2347        聯強        36.5500     36.8500     36.1000     36.6000     40.2500     32.9500     36.5500     649         2807        
2414        精技        20.5000     20.6000     20.0500     20.7000     22.7500     18.6500     20.5500     3           212         
2430        燦坤        13.7000     13.8000     13.4000     13.8000     15.1500     12.4500     13.8000     5           174         
2459        敦吉        36.9500     37.0000     36.5000     37.0500     40.7500     33.3500     37.0000     3           86          
3010        華立        46.5000     47.5000     45.8000     47.7500     52.5000     43.0000     47.3500     6           272         
3028        增你強      17.2000     17.2000     16.8000     17.5000     19.2500     15.7500     17.0000     43          333         
3033        威健        12.9500     12.9500     12.5500     13.2000     14.5000     11.9000     12.9500     15          985         
3036        文曄        34.0000     34.1500     33.6000     34.2500     37.6500     30.8500     34.1000     17          483         
3048        益登        13.7500     14.2000     13.5000     14.2000     15.6000     12.8000     14.1500     21          674         
3055        蔚華科      27.0000     27.0000     26.3000     26.3000     28.9000     23.7000     -           -           7           
3209        全科        17.0000     17.0000     16.6500     17.1500     18.8500     15.4500     16.6500     46          730         
3312        弘憶股      13.0000     13.3000     12.8000     13.2000     14.5000     11.9000     13.3000     23          505         
3528        安馳        35.5000     35.6500     35.4000     35.6500     39.2000     32.1000     35.6500     2           12          
3702        大聯大      34.8000     35.1500     34.4000     35.3500     38.8500     31.8500     34.9000     658         2738        
3702A       大聯大甲特  46.2000     46.5000     46.0000     46.6000     51.2000     41.9500     46.4000     1           125         
5434        崇越        86.5000     90.0000     86.0000     88.0000     96.8000     79.2000     89.2000     36          1577        
6189        豐藝        29.0000     29.1500     28.4500     29.2500     32.1500     26.3500     29.1000     10          370         
6281        全國電      62.5000     63.4000     62.0000     63.1000     69.4000     56.8000     62.8000     1           50          
8070        長華        135.5000    137.5000    134.5000    139.5000    153.0000    126.0000    137.0000    5           122         
8072        陞泰        20.0000     20.0500     20.0000     20.0500     22.0500     18.0500     20.0500     1           98          
8112        至上        29.0000     29.9000     28.7500     29.4000     32.3000     26.5000     29.9000     82          2282        
2427        三商電      9.6000      9.6500      9.2700      9.6400      10.6000     8.6800      9.6500      13          123         
2453        凌群        13.7500     14.3500     13.6000     13.7500     15.1000     12.4000     14.3500     45          2356        
2468        華經        12.3000     13.3500     12.2000     12.3000     13.5000     11.1000     13.1000     4           535         
2471        資通        17.6500     18.3000     17.5000     17.8000     19.5500     16.0500     18.2500     5           371         
2480        敦陽科      50.5000     53.2000     50.5000     51.8000     56.9000     46.6500     53.2000     39          526         
3029        零壹        27.5000     28.4000     27.5000     28.1000     30.9000     25.3000     28.3000     48          767         
3130        一零四      134.0000    139.0000    134.0000    138.5000    152.0000    125.0000    139.0000    1           6           
4994        傳奇        43.5000     46.1000     43.5000     46.0000     50.6000     41.4000     46.1000     11          90          
5203        訊連        95.3000     101.0000    94.6000     96.0000     105.5000    86.4000     99.9000     28          686         
6112        聚碩        31.9500     32.4500     31.5000     32.2500     35.4500     29.0500     32.2000     17          412         
6183        關貿        37.9000     38.8500     37.8000     37.8000     41.5500     34.0500     38.7000     5           166         
6214        精誠        71.9000     73.0000     71.6000     73.0000     80.3000     65.7000     73.0000     38          415         
2312        金寶        9.5400      9.7000      9.4500      9.8500      10.8000     8.8700      9.6300      164         2254        
2317        鴻海        69.5000     70.3000     69.0000     70.1000     77.1000     63.1000     70.0000     5731        33511       
2354        鴻準        48.8000     49.7500     48.0000     49.5500     54.5000     44.6000     49.2500     388         1654        
2359        所羅門      15.6500     15.9000     15.2500     15.9000     17.4500     14.3500     15.9000     17          184         
2360        致茂        119.0000    122.0000    115.5000    120.5000    132.5000    108.5000    122.0000    48          1034        
2373        震旦行      84.6000     84.6000     82.0000     84.2000     92.6000     75.8000     84.4000     2           41          
2390        云辰        7.0800      7.2900      6.6700      7.3800      8.1100      6.6500      7.1000      157         3116        
2404        漢唐        158.0000    162.5000    156.5000    161.5000    177.5000    145.5000    162.5000    76          1195        
2423        固緯        21.1500     21.3500     20.9000     21.2500     23.3500     19.1500     21.3500     2           176         
2433        互盛電      47.7000     48.3000     46.1500     47.9500     52.7000     43.2000     48.0500     1           117         
2461        光群雷      12.5000     12.9500     12.2000     12.7000     13.9500     11.4500     12.8500     7           354         
2464        盟立        29.5000     29.9000     29.1000     30.2000     33.2000     27.2000     29.8000     17          369         
2474        可成        186.0000    192.0000    184.0000    191.0000    210.0000    172.0000    191.5000    352         3697        
2477        美隆電      20.0000     20.1000     19.7000     19.9500     21.9000     18.0000     20.0000     5           52          
2482        連宇        9.5000      9.6000      9.5000      9.6200      10.5500     8.6600      9.6000      2           9           
2488        漢平        25.3500     25.8000     25.1500     25.8500     28.4000     23.3000     25.8000     5           148         
2495        普安        10.6000     10.7500     10.5500     10.7500     11.8000     9.6800      10.7500     12          235         
3018        同開        15.0500     15.7000     15.0500     15.6000     17.1500     14.0500     15.6500     2           96          
3030        德律        43.6500     45.0000     43.2000     44.3000     48.7000     39.9000     44.8000     14          414         
3043        科風        1.2200      1.3000      1.2200      1.3200      1.4500      1.1900      1.2500      22          61          
3305        昇貿        17.8000     17.8000     17.4000     17.8500     19.6000     16.1000     17.6000     2           106         
3450        聯鈞        55.1000     58.7000     55.1000     58.2000     64.0000     52.4000     58.1000     72          2551        
3518        柏騰        18.4500     19.5500     18.2500     18.7000     20.5500     16.8500     19.5500     40          216         
3617        碩天        71.0000     74.2000     70.7000     76.9000     84.5000     69.3000     74.0000     5           570         
3665        貿聯-KY     150.0000    160.0000    147.5000    151.0000    166.0000    136.0000    160.0000    143         3158        
5225        東科-KY     21.7000     22.6500     21.7000     22.4500     24.6500     20.2500     22.6500     12          158         
6139        亞翔        21.5000     21.8500     21.0000     21.8500     24.0000     19.7000     21.8000     11          372         
6192        巨路        54.8000     55.0000     53.8000     55.7000     61.2000     50.2000     54.7000     2           165         
6196        帆宣        53.0000     56.4000     51.5000     55.5000     61.0000     49.9500     55.7000     32          1028        
6201        亞弘電      31.2000     31.8000     31.2000     31.9000     35.0500     28.7500     31.8000     2           9           
6215        和椿        10.8000     11.0500     10.6000     11.0500     12.1500     9.9500      10.9500     5           119         
6283        淳安        14.6500     15.3000     14.6500     15.7500     17.3000     14.2000     15.2000     9           138         
6409        旭隼        645.0000    650.0000    625.0000    655.0000    720.0000    590.0000    639.0000    5           92          
6558        興能高      34.0000     36.5000     32.9000     33.2000     36.5000     29.9000     36.5000     21          2402        
6698        旭暉應材    38.0000     39.9000     38.0000     41.5500     45.7000     37.4000     39.9000     18          135         
8021        尖點        16.7500     17.0000     16.4000     16.8000     18.4500     15.1500     16.8500     16          221         
8201        無敵        7.0800      7.1900      7.0800      7.0000      7.7000      6.3000      -           -           25          
1598        岱宇        32.3000     32.3500     31.7000     32.4500     35.6500     29.2500     32.0000     18          121         
1701        中化        19.0000     19.3500     18.7000     18.8500     20.7000     17.0000     18.9000     57          3365        
1707        葡萄王      189.0000    194.0000    188.5000    190.0000    209.0000    171.0000    193.5000    16          612         
1720        生達        35.0000     35.3500     33.8000     36.1000     39.7000     32.5000     34.7000     143         4835        
1731        美吾華      11.7500     12.1000     11.7500     11.9000     13.0500     10.7500     12.1000     27          341         
1733        五鼎        20.8000     21.2000     20.5000     20.8000     22.8500     18.7500     21.2000     46          531         
1734        杏輝        16.6500     16.9000     16.4500     16.4500     18.0500     14.8500     16.7000     15          457         
1736        喬山        48.4000     52.4000     48.4000     50.8000     55.8000     45.7500     51.6000     54          1999        
1760        寶齡富錦    60.1000     67.1000     58.7000     61.0000     67.1000     54.9000     67.1000     2           1517        
1762        中化生      32.0000     32.8000     31.5000     31.6000     34.7500     28.4500     31.8500     26          1118        
1783        和康生      15.3000     16.4500     15.0500     15.6000     17.1500     14.0500     16.1000     14          170         
1786        科妍        45.9000     45.9000     44.9000     46.1500     50.7000     41.5500     45.5500     8           141         
1789        神隆        24.9000     26.4500     24.5000     25.3500     27.8500     22.8500     26.0000     96          2902        
1795        美時        54.3000     58.0000     54.3000     57.5000     63.2000     51.8000     58.0000     148         1848        
3164        景岳        19.7500     21.0000     19.6000     20.0000     22.0000     18.0000     20.8000     6           232         
3705        永信        43.1000     44.3500     43.1000     42.8000     47.0500     38.5500     43.5500     50          1957        
4104        佳醫        50.1000     50.8000     49.5000     50.1000     55.1000     45.1000     50.7000     2           222         
4106        雃博        23.1000     24.5500     23.1000     22.3500     24.5500     20.1500     24.5500     5           3822        
4108        懷特        11.7000     12.1500     11.6000     11.9500     13.1000     10.8000     -           -           256         
4119        旭富        134.0000    141.5000    132.0000    132.0000    145.0000    119.0000    136.0000    372         10970       
4133        亞諾法      33.4000     35.1500     33.4000     33.2500     36.5500     29.9500     33.7500     138         5272        
4137        麗豐-KY     164.0000    174.5000    164.0000    169.0000    185.5000    152.5000    172.5000    9           488         
4141        龍燈-KY     10.1500     11.6500     10.1500     10.6000     11.6500     9.5400      11.6500     1           588         
4142        國光生      25.8500     26.7500     25.8000     25.4000     27.9000     22.9000     26.0000     464         13551       
4144        康聯-KY     17.5500     18.9000     17.5500     18.0000     19.8000     16.2000     18.5000     26          220         
4148        全宇生技-KY 20.7000     21.8000     20.7000     21.5000     23.6500     19.3500     -           -           40          
4155        訊映        24.7000     26.3500     24.7000     25.5000     28.0500     22.9500     26.1500     9           196         
4164        承業醫      31.5000     32.7500     30.9000     31.5500     34.7000     28.4000     32.6500     12          457         
4190        佐登-KY     66.8000     69.3000     66.1000     69.5000     76.4000     62.6000     68.5000     18          459         
4737        華廣        55.0000     56.7000     53.1000     56.9000     62.5000     51.3000     -           -           66          
4746        台耀        40.9500     40.9500     38.8000     37.2500     40.9500     33.5500     39.7500     119         4346        
6452        康友-KY     141.0000    147.5000    140.0000    147.0000    161.5000    132.5000    147.5000    28          900         
6491        晶碩        97.0000     99.1000     94.0000     101.0000    111.0000    90.9000     99.0000     6           376         
6541        泰福-KY     31.4500     31.4500     29.6000     31.4000     34.5000     28.3000     30.4000     12          262         
6666        羅麗芬-KY   105.5000    106.5000    102.0000    105.5000    116.0000    95.0000     106.5000    4           44          
