股票代號    公司簡稱    開盤        最高        最低        昨收        漲停價      跌停價      當盤成交價  當盤成交量  累積成交量  
2302        麗正        7.14        7.14        7.05        7.15        7.86        6.44        7.05        12          135         
2303        聯電        15.60       15.75       15.60       15.90       17.45       14.35       15.60       3039        47556       
2329        華泰        13.00       13.25       13.00       13.00       14.30       11.70       13.15       248         5268        
2330        台積電      317.00      320.50      316.50      322.00      354.00      290.00      318.50      4586        60324       
2337        旺宏        35.25       35.80       34.80       35.60       39.15       32.05       34.85       3141        50482       
2338        光罩        30.00       30.35       29.85       30.50       33.55       27.45       29.95       132         3063        
2342        茂矽        27.30       29.95       27.20       27.60       30.35       24.85       27.70       1096        35746       
2344        華邦電      16.70       17.00       16.55       17.00       18.70       15.30       16.55       2535        36574       
2351        順德        60.10       60.70       60.00       60.40       66.40       54.40       60.50       9           105         
2363        矽統        7.63        7.89        7.63        7.74        8.51        6.97        7.66        68          1880        
2369        菱生        10.20       10.65       10.20       10.35       11.35       9.32        10.65       168         4476        
2379        瑞昱        233.00      237.00      230.50      239.00      262.50      215.50      236.00      347         4913        
2388        威盛        29.80       30.45       29.50       29.75       32.70       26.80       29.85       123         1081        
2401        凌陽        11.40       11.50       11.35       11.45       12.55       10.35       11.40       31          1358        
2408        南亞科      81.60       82.50       81.30       83.30       91.60       75.00       81.40       628         14095       
2434        統懋        6.95        7.04        6.71        6.41        7.05        5.77        -           -           68          
2436        偉詮電      22.50       22.65       22.40       22.60       24.85       20.35       22.60       4           205         
2441        超豐        47.50       47.60       47.00       47.60       52.30       42.85       47.50       34          434         
2449        京元電子    33.95       34.05       33.80       34.35       37.75       30.95       33.80       432         6420        
2451        創見        77.50       79.30       77.50       77.80       85.50       70.10       78.60       28          691         
2454        聯發科      375.00      380.00      373.00      378.50      416.00      341.00      375.00      617         10831       
2458        義隆        86.30       87.30       86.10       87.30       96.00       78.60       86.80       151         1961        
2481        強茂        24.65       26.00       24.65       24.95       27.40       22.50       25.60       102         2933        
3006        晶豪科      35.05       35.70       35.00       35.45       38.95       31.95       35.05       71          1120        
3014        聯陽        43.85       44.90       43.60       44.20       48.60       39.80       44.40       89          3057        
3016        嘉晶        52.60       53.80       52.30       53.00       58.30       47.70       52.30       265         5650        
3034        聯詠        200.50      204.50      200.00      203.50      223.50      183.50      203.50      442         5070        
3035        智原        45.65       46.40       45.60       46.10       50.70       41.50       45.60       186         2229        
3041        揚智        17.90       18.65       17.75       18.00       19.80       16.20       17.75       220         6872        
3054        立萬利      24.05       24.40       24.05       23.95       26.30       21.60       24.10       5           593         
3094        聯傑        18.10       19.40       18.05       18.20       20.00       16.40       18.90       60          1099        
3189        景碩        53.80       54.30       52.60       54.30       59.70       48.90       52.60       398         5814        
3257        虹冠電      54.10       54.30       53.70       54.20       59.60       48.80       54.20       2           75          
3413        京鼎        174.50      176.50      172.00      177.50      195.00      160.00      173.00      117         1542        
3443        創意        230.00      236.00      230.00      232.00      255.00      209.00      230.00      111         946         
3530        晶相光      112.50      115.00      108.00      112.50      123.50      101.50      108.50      316         5880        
3532        台勝科      140.50      146.50      139.50      140.50      154.50      126.50      139.50      266         5041        
3536        誠創        4.85        4.85        4.80        4.87        5.35        4.39        4.80        8           34          
3545        敦泰        29.35       30.20       29.10       29.35       32.25       26.45       30.15       426         9250        
3583        辛耘        53.80       54.50       53.40       54.00       59.40       48.60       53.50       17          457         
3588        通嘉        28.70       28.70       28.00       28.90       31.75       26.05       28.40       2           207         
3661        世芯-KY     221.50      234.00      221.00      225.00      247.50      202.50      222.50      435         10272       
3686        達能        4.42        4.42        4.35        4.42        4.86        3.98        4.40        1           98          
3711        日月光投控  72.30       73.50       72.30       73.50       80.80       66.20       72.80       720         10062       
4919        新唐        42.70       42.70       42.10       42.90       47.15       38.65       42.10       83          836         
4952        凌通        30.30       30.75       30.10       30.30       33.30       27.30       30.65       7           142         
4961        天鈺        32.90       33.30       32.80       33.10       36.40       29.80       33.10       32          259         
4967        十銓        41.90       42.80       41.60       42.05       46.25       37.85       41.65       347         5069        
4968        立積        163.00      167.00      162.00      165.50      182.00      149.00      163.00      211         3353        
5269        祥碩        785.00      809.00      780.00      785.00      863.00      707.00      785.00      103         1374        
5285        界霖        55.70       58.50       55.70       55.70       61.20       50.20       57.10       14          350         
5305        敦南        40.95       41.00       40.90       40.90       44.95       36.85       40.90       20          239         
5471        松翰        35.00       35.60       34.50       35.00       38.50       31.50       34.50       128         2036        
6202        盛群        66.10       67.10       66.10       66.50       73.10       59.90       66.50       46          415         
6239        力成        105.50      108.50      104.00      109.00      119.50      98.10       105.50      763         6532        
6243        迅杰        9.20        9.30        9.11        9.30        10.20       8.37        9.25        5           70          
6257        矽格        34.75       35.30       34.75       35.15       38.65       31.65       34.85       208         1901        
6271        同欣電      153.50      156.50      153.00      154.50      169.50      139.50      153.00      269         3956        
6415        矽力-KY     1055.00     1070.00     1035.00     1075.00     1180.00     968.00      1045.00     40          319         
6451        訊芯-KY     132.00      133.50      130.50      134.50      147.50      121.50      132.00      81          1230        
6525        捷敏-KY     59.00       59.60       58.70       59.00       64.90       53.10       59.10       4           132         
6531        愛普        139.50      146.00      133.00      138.00      151.50      124.50      137.50      614         16603       
6533        晶心科      112.50      115.50      112.50      114.00      125.00      103.00      113.00      22          679         
6552        易華電      69.20       70.70       69.00       69.80       76.70       62.90       69.40       14          523         
6573        虹揚-KY     20.05       20.10       19.95       20.30       22.30       18.30       20.10       6           44          
8016        矽創        148.50      152.00      147.50      150.00      165.00      135.00      149.50      74          922         
8028        昇陽半導體  63.60       65.50       63.50       64.30       70.70       57.90       64.50       93          1351        
8081        致新        114.00      116.00      114.00      115.00      126.50      103.50      115.50      46          520         
8110        華東        10.50       10.65       10.40       10.65       11.70       9.59        10.50       105         1110        
8131        福懋科      40.80       41.20       40.30       41.00       45.10       36.90       41.00       52          829         
8150        南茂        30.25       30.85       30.25       30.65       33.70       27.60       30.45       114         2163        
8261        富鼎        26.05       26.20       25.90       26.30       28.90       23.70       25.95       12          202         
8271        宇瞻        44.00       44.15       43.10       43.35       47.65       39.05       43.10       119         2223        
2301        光寶科      43.15       43.80       43.15       43.95       48.30       39.60       43.45       544         5290        
2305        全友        5.84        5.90        5.83        5.90        6.49        5.31        5.84        10          147         
2324        仁寶        18.10       18.40       18.05       18.20       20.00       16.40       18.40       911         9869        
2331        精英        11.70       11.85       11.50       11.65       12.80       10.50       11.55       18          986         
2352        佳世達      19.20       19.35       19.20       19.35       21.25       17.45       19.25       91          4710        
2353        宏        16.70       16.85       16.60       16.85       18.50       15.20       16.75       786         9133        
2356        英業達      22.75       23.05       22.75       23.00       25.30       20.70       23.05       257         5319        
2357        華碩        208.50      211.50      208.50      211.00      232.00      190.00      209.50      130         1547        
2362        藍天        30.30       30.50       30.25       30.65       33.70       27.60       30.35       17          298         
2364        倫飛        1.98        2.04        1.98        1.99        2.18        1.80        -           -           16          
2365        昆盈        7.73        7.73        7.65        7.73        8.50        6.96        7.65        38          357         
2376        技嘉        54.30       54.50       53.40       54.40       59.80       49.00       53.90       324         5103        
2377        微星        91.00       93.30       91.00       92.70       101.50      83.50       92.60       154         2276        
2380        虹光        3.88        3.97        3.84        3.88        4.26        3.50        3.90        16          252         
2382        廣達        62.10       62.90       62.10       62.80       69.00       56.60       62.60       622         6268        
2387        精元        33.20       34.15       32.70       33.40       36.70       30.10       33.05       78          2121        
2395        研華        293.50      300.50      292.50      299.00      328.50      269.50      296.00      158         1085        
2397        友通        79.50       79.80       78.60       79.80       87.70       71.90       79.50       2           50          
2399        映泰        10.50       10.75       10.30       10.40       11.40       9.36        10.40       23          924         
2405        浩鑫        10.35       10.40       10.25       10.40       11.40       9.36        10.35       16          424         
2417        圓剛        12.05       12.85       11.85       11.80       12.95       10.65       12.75       264         12785       
2424        隴華        28.95       28.95       28.95       29.00       31.90       26.10       -           -           1           
2425        承啟        28.10       28.80       28.00       28.15       30.95       25.35       28.60       47          823         
2442        新美齊      9.60        9.62        9.56        9.65        10.60       8.69        9.56        28          494         
2465        麗臺        10.00       10.25       10.00       10.15       11.15       9.14        10.10       2           93          
3002        歐格        10.15       10.30       10.15       10.20       11.20       9.18        10.20       6           89          
3005        神基        49.50       50.10       49.50       49.90       54.80       44.95       49.50       48          1427        
3013        晟銘電      11.95       12.00       11.90       12.10       13.30       10.90       12.00       3           209         
3017        奇鋐        33.20       35.80       33.10       33.60       36.95       30.25       34.80       606         21747       
3022        威強電      46.30       46.60       46.10       46.75       51.40       42.10       46.40       5           59          
3046        建        13.90       13.95       13.80       13.85       15.20       12.50       13.80       1           10          
3057        喬鼎        6.35        6.38        6.33        6.36        6.99        5.73        6.35        1           74          
3060        銘異        15.65       17.05       15.60       15.55       17.10       14.00       16.40       227         11994       
3231        緯創        26.90       27.40       26.85       27.25       29.95       24.55       27.10       712         9334        
3416        融程電      55.20       55.20       54.70       55.10       60.60       49.60       55.20       2           66          
3494        誠研        4.43        4.44        4.32        4.34        4.77        3.91        4.36        2           53          
3515        華擎        109.00      113.50      107.50      109.50      120.00      98.60       107.50      334         5138        
3701        大眾控      -           -           -           13.95       15.30       12.60       -           -           -           
3706        神達        34.40       35.20       34.15       34.55       38.00       31.10       34.75       691         15191       
3712        永崴投控    16.30       16.40       16.10       16.40       18.00       14.80       16.25       24          312         
4916        事欣科      28.80       29.35       28.55       28.90       31.75       26.05       28.85       15          155         
4938        和碩        64.00       64.70       63.60       64.70       71.10       58.30       64.20       372         5353        
5215        科嘉-KY     58.40       59.20       58.10       59.00       64.90       53.10       58.10       17          164         
5258        虹堡        26.00       26.00       25.65       26.00       28.60       23.40       25.80       1           119         
5264        鎧勝-KY     43.05       43.45       42.85       43.55       47.90       39.20       42.85       45          534         
6117        迎廣        14.40       14.50       14.40       14.40       15.80       13.00       -           -           7           
6128        上福        29.50       29.50       29.20       29.60       32.55       26.65       29.30       1           60          
6166        凌華        56.00       56.20       56.00       56.00       61.60       50.40       56.10       13          704         
6172        互億        20.25       20.25       19.65       20.30       22.30       18.30       19.65       38          712         
6206        飛捷        73.10       73.50       73.10       73.60       80.90       66.30       73.20       6           149         
6230        超眾        233.50      246.00      232.00      236.00      259.50      212.50      240.00      188         2905        
6235        華孚        11.70       12.30       11.50       11.70       12.85       10.55       12.20       64          4969        
6277        宏正        84.30       84.50       84.00       84.30       92.70       75.90       84.50       2           48          
6414        樺漢        230.50      232.00      228.00      233.50      256.50      210.50      228.50      28          605         
6579        研揚        70.40       71.20       70.40       70.60       77.60       63.60       70.90       3           43          
6591        動力-KY     48.05       50.90       48.05       48.50       53.30       43.65       49.55       9           541         
6669        緯穎        750.00      763.00      740.00      757.00      832.00      682.00      742.00      120         1377        
8114        振樺電      98.30       98.80       97.90       98.30       108.00      88.50       98.80       2           71          
8163        達方        38.60       39.20       38.60       39.40       43.30       35.50       38.70       65          1399        
8210        勤誠        94.40       94.70       91.30       94.70       104.00      85.30       91.30       87          970         
9912        偉聯        8.05        8.05        7.99        8.03        8.83        7.23        7.99        2           9           
2323        中環        8.55        8.68        8.46        8.65        9.51        7.79        8.46        740         7576        
2340        光磊        22.95       23.50       22.80       23.15       25.45       20.85       23.30       21          1583        
2349        錸德        5.58        5.58        5.53        5.63        6.19        5.07        5.56        95          2493        
2374        佳能        14.40       14.45       14.30       14.40       15.80       13.00       14.40       8           146         
2393        億光        33.00       33.95       32.65       33.30       36.60       30.00       33.10       121         1799        
2406        國碩        12.65       13.20       12.65       12.90       14.15       11.65       12.90       63          1361        
2409        友達        10.25       10.35       9.91        10.50       11.55       9.45        9.99        6849        130088      
2426        鼎元        13.30       13.50       13.30       13.40       14.70       12.10       13.35       10          343         
2438        翔耀        6.76        6.90        6.50        6.79        7.46        6.12        6.53        2           96          
2448        晶電        31.20       31.60       31.20       31.65       34.80       28.50       31.20       601         7424        
2466        冠西電      34.50       34.65       34.30       34.60       38.05       31.15       34.65       2           57          
2486        一詮        7.88        7.95        7.87        7.99        8.78        7.20        7.88        14          353         
2489        瑞軒        9.36        9.40        9.34        9.40        10.30       8.46        9.36        41          1520        
2491        吉祥全      10.85       11.10       10.75       10.50       11.55       9.45        10.90       4           59          
2499        東貝        6.10        6.12        6.06        6.15        6.76        5.54        6.08        21          456         
3008        大立光      4575.00     4650.00     4540.00     4630.00     5090.00     4170.00     4580.00     55          686         
3019        亞光        89.10       90.10       88.20       90.30       99.30       81.30       88.30       254         3974        
3024        憶聲        7.75        7.75        7.62        7.79        8.56        7.02        7.65        21          318         
3031        佰鴻        14.30       14.40       14.25       14.25       15.65       12.85       14.25       28          258         
3038        全台        15.30       15.45       15.20       15.35       16.85       13.85       15.35       16          506         
3049        和鑫        11.55       11.75       11.50       11.60       12.75       10.45       11.65       150         4617        
3050        鈺德        10.50       10.65       10.40       10.55       11.60       9.50        10.55       9           464         
3051        力特        3.70        3.90        3.61        3.70        4.07        3.33        3.89        9           802         
3059        華晶科      21.00       21.10       20.85       21.05       23.15       18.95       20.95       10          402         
3149        正達        8.01        8.03        7.91        8.07        8.87        7.27        7.95        10          653         
3356        奇偶        27.05       27.50       26.80       27.05       29.75       24.35       26.80       10          242         
3383        新世紀      5.36        5.55        5.36        5.73        6.30        5.16        5.55        1           21          
3406        玉晶光      555.00      562.00      530.00      563.00      619.00      507.00      534.00      664         10611       
3437        榮創        16.05       16.15       15.90       16.25       17.85       14.65       16.05       19          382         
3454        晶睿        87.40       89.70       87.40       88.40       97.20       79.60       88.30       17          220         
3481        群創        8.44        8.53        8.13        8.58        9.43        7.73        8.15        10830       206099      
3504        揚明光      73.80       75.40       73.60       74.40       81.80       67.00       74.90       38          522         
3535        晶彩科      18.30       18.55       18.10       18.35       20.15       16.55       18.25       36          250         
3557        嘉威        57.40       61.00       56.30       57.60       63.30       51.90       60.50       99          2259        
3563        牧德        382.00      384.00      376.00      387.00      425.50      348.50      378.50      52          710         
3576        聯合再生    7.07        7.15        7.07        7.15        7.86        6.44        7.11        149         4575        
3591        艾笛森      11.45       11.45       11.30       11.45       12.55       10.35       11.40       7           85          
3622        洋華        19.50       20.10       19.50       19.55       21.50       17.60       19.75       12          301         
3669        圓展        27.50       28.60       26.35       26.00       28.60       23.40       28.60       183         5451        
3673        TPK-KY      46.70       47.30       46.40       46.90       51.50       42.25       46.40       258         2543        
3698        隆達        15.90       16.10       15.85       15.95       17.50       14.40       16.00       77          880         
4934        太極        18.50       18.90       17.90       18.60       20.45       16.75       17.95       154         5465        
4935        茂林-KY     132.50      139.00      132.00      134.50      147.50      121.50      137.00      270         7166        
4942        嘉彰        37.60       37.60       37.25       37.70       41.45       33.95       37.40       2           271         
4956        光鋐        13.60       13.60       13.30       13.60       14.95       12.25       13.30       8           223         
4960        誠美材      7.00        7.00        6.85        7.08        7.78        6.38        7.00        9           278         
4976        佳凌        23.70       24.20       23.45       23.80       26.15       21.45       23.90       11          149         
5234        達興材料    85.70       85.70       84.90       86.00       94.60       77.40       85.10       11          85          
5243        乙盛-KY     33.80       34.20       33.65       33.90       37.25       30.55       33.80       22          226         
5484        慧友        9.02        9.02        8.80        9.02        9.92        8.12        8.89        3           22          
6116        彩晶        6.91        6.97        6.87        6.97        7.66        6.28        6.88        763         14245       
6120        達運        13.50       13.80       13.40       13.55       14.90       12.20       13.55       9           578         
6131        鈞泰        3.40        3.49        3.40        3.48        3.82        3.14        3.49        1           151         
6164        華興        6.65        6.73        6.64        6.66        7.32        6.00        6.73        5           50          
6168        宏齊        12.15       12.30       12.05       12.15       13.35       10.95       12.05       12          575         
6176        瑞儀        100.00      101.50      99.40       100.50      110.50      90.50       100.00      172         2513        
6209        今國光      25.00       25.60       25.00       25.30       27.80       22.80       25.30       8           292         
6225        天瀚        2.28        2.28        2.28        2.17        2.38        1.96        -           -           1           
6226        光鼎        6.98        7.14        6.91        7.00        7.70        6.30        7.08        85          558         
6278        台表科      103.50      104.50      96.30       104.00      114.00      93.60       96.50       467         10821       
6289        華上        0.81        0.85        0.81        0.81        0.89        0.73        0.85        146         312         
6405        悅城        15.20       15.75       15.05       15.20       16.70       13.70       15.25       18          568         
6431        光麗-KY     26.20       26.80       26.20       26.50       29.15       23.85       -           -           17          
6443        元晶        7.25        7.31        7.21        7.30        8.03        6.57        7.25        41          941         
6456        GIS-KY      102.00      103.00      101.50      103.00      113.00      92.70       102.00      52          831         
6477        安集        22.45       22.50       22.25       22.45       24.65       20.25       22.25       14          339         
6668        中揚光      79.50       80.50       78.60       80.30       88.30       72.30       78.60       101         532         
6706        惠特        104.50      106.00      104.00      105.00      115.50      94.50       104.00      72          556         
8104        錸寶        42.65       43.35       42.50       42.70       46.95       38.45       42.85       4           72          
8105        凌巨        12.60       12.65       12.50       12.65       13.90       11.40       12.50       48          966         
8215        明基材      19.20       19.70       19.05       19.30       21.20       17.40       19.60       165         3485        
2314        台揚        21.05       21.55       21.05       21.35       23.45       19.25       21.30       14          303         
2321        東訊        1.62        1.69        1.62        1.68        1.84        1.52        1.69        2           19          
2332        友訊        13.50       13.75       13.40       13.60       14.95       12.25       13.55       328         3194        
2345        智邦        174.00      175.50      171.50      175.50      193.00      158.00      171.50      335         5008        
2412        中華電      108.00      109.00      108.00      108.50      119.00      97.70       108.00      1212        6825        
2419        仲琦        23.60       24.35       23.60       23.65       26.00       21.30       24.10       87          1664        
2439        美律        141.50      145.00      141.50      143.00      157.00      129.00      143.50      60          1701        
2444        兆勁        19.00       19.05       18.80       19.25       21.15       17.35       18.95       64          269         
2450        神腦        31.90       32.25       31.90       31.90       35.05       28.75       32.00       13          782         
2455        全新        102.50      104.00      101.00      104.50      114.50      94.10       102.00      112         1657        
2485        兆赫        17.55       17.75       17.55       17.70       19.45       15.95       17.60       18          398         
2498        宏達電      34.75       36.85       34.70       34.90       38.35       31.45       36.50       521         12663       
3025        星通        20.05       20.15       19.80       20.25       22.25       18.25       19.85       4           130         
3027        盛達        7.86        8.07        7.82        7.88        8.66        7.10        8.01        13          203         
3045        台灣大      106.00      106.50      105.00      106.50      117.00      95.90       105.50      774         7695        
3047        訊舟        9.00        9.04        8.91        9.03        9.93        8.13        8.94        13          459         
3062        建漢        15.20       15.45       15.20       15.45       16.95       13.95       15.35       30          566         
3311        閎暉        25.95       26.80       25.75       26.05       28.65       23.45       26.45       20          458         
3380        明泰        21.80       21.90       21.60       21.80       23.95       19.65       21.80       76          1470        
3419        譁裕        14.75       15.00       14.75       15.00       16.50       13.50       14.85       16          261         
3596        智易        80.00       81.70       79.80       81.00       89.10       72.90       81.40       50          1016        
3682        亞太電      7.41        7.48        7.37        7.50        8.25        6.75        7.38        129         3013        
3694        海華        17.60       17.70       17.40       17.60       19.35       15.85       17.45       6           141         
3704        合勤控      16.20       16.35       16.05       16.25       17.85       14.65       16.15       47          713         
4904        遠傳        66.00       66.30       65.10       66.80       73.40       60.20       66.00       210         6729        
4906        正文        23.30       23.75       23.30       23.60       25.95       21.25       23.60       28          1113        
4977        眾達-KY     110.00      115.00      109.50      111.00      122.00      99.90       111.50      110         1533        
5388        中磊        75.10       75.80       74.60       75.90       83.40       68.40       75.30       53          919         
6136        富爾特      19.35       19.40       19.25       19.35       21.25       17.45       19.40       2           57          
6142        友勁        6.78        6.90        6.78        6.92        7.61        6.23        6.82        2           141         
6152        百一        6.12        6.19        6.04        6.26        6.88        5.64        6.09        31          190         
6216        居易        27.40       27.40       27.35       27.40       30.10       24.70       27.40       3           62          
6285        啟        69.00       69.30       68.60       69.10       76.00       62.20       69.00       160         2575        
6416        瑞祺電通    116.50      118.00      113.50      116.50      128.00      105.00      113.50      59          1123        
6442        光聖        37.10       37.40       37.10       37.20       40.90       33.50       37.20       1           114         
6674        鋐寶科技    27.40       27.40       26.90       27.30       30.00       24.60       26.90       3           65          
8011        台通        15.15       15.15       15.05       15.15       16.65       13.65       15.10       9           252         
8101        華冠        5.95        5.96        5.84        6.01        6.61        5.41        5.95        7           322         
1471        首利        2.45        2.46        2.35        2.45        2.69        2.21        2.46        1           18          
1582        信錦        85.90       86.80       85.90       86.50       95.10       77.90       86.20       18          274         
2059        川湖        353.00      353.00      344.00      350.00      385.00      315.00      344.50      13          331         
2308        台達電      140.00      143.00      140.00      141.00      155.00      127.00      142.00      520         4392        
2313        華通        42.90       43.90       41.20       43.45       47.75       39.15       41.35       1058        20537       
2316        楠梓電      35.50       35.80       34.05       35.30       38.80       31.80       34.05       342         4768        
2327        國巨        476.00      482.50      437.00      485.00      533.00      436.50      441.00      756         33373       
2328        廣宇        19.90       20.15       19.90       20.10       22.10       18.10       20.10       40          1070        
2355        敬鵬        30.40       30.80       30.20       30.45       33.45       27.45       30.45       28          491         
2367        燿華        28.40       28.90       28.25       28.65       31.50       25.80       28.40       356         5840        
2368        金像電      15.80       16.10       15.45       15.95       17.50       14.40       15.45       822         22394       
2375        凱美        40.50       40.70       39.60       40.60       44.65       36.55       39.65       133         3908        
2383        台光電      126.00      129.50      126.00      127.00      139.50      114.50      128.00      159         3324        
2385        群光        82.00       82.60       81.30       83.40       91.70       75.10       81.30       430         3415        
2392        正崴        37.80       38.50       37.75       38.30       42.10       34.50       38.20       90          977         
2402        毅嘉        14.90       15.35       14.90       14.95       16.40       13.50       15.20       4           501         
2413        環科        13.95       14.00       13.80       14.10       15.50       12.70       13.90       5           145         
2415        錩新        17.40       17.50       17.40       17.50       19.25       15.75       -           -           54          
2420        新巨        35.80       36.00       35.70       35.85       39.40       32.30       36.00       4           190         
2421        建準        41.00       41.75       40.90       41.05       45.15       36.95       40.90       125         2760        
2428        興勤        86.30       86.70       85.50       86.80       95.40       78.20       85.50       22          308         
2429        銘旺科      27.40       27.40       25.70       27.40       30.10       24.70       25.70       48          529         
2431        聯昌        9.37        9.57        9.37        9.52        10.45       8.57        9.46        4           129         
2440        太空梭      -           -           -           8.47        9.31        7.63        -           -           -           
2456        奇力新      124.00      125.00      118.00      125.50      138.00      113.00      118.50      521         10838       
2457        飛宏        8.42        8.43        8.35        8.45        9.29        7.61        8.40        2           425         
2460        建通        9.25        9.38        9.25        9.36        10.25       8.43        9.25        8           21          
2462        良得電      25.45       25.55       25.40       25.45       27.95       22.95       25.50       5           81          
2467        志聖        23.45       23.70       23.45       23.45       25.75       21.15       23.50       7           287         
2472        立隆電      37.95       38.05       37.30       37.95       41.70       34.20       37.30       36          330         
2476        鉅祥        21.85       22.10       21.85       22.00       24.20       19.80       -           -           93          
2478        大毅        78.50       79.30       76.10       79.50       87.40       71.60       76.80       626         14172       
2483        百容        20.00       20.10       20.00       20.05       22.05       18.05       20.05       1           62          
2484        希華        18.50       18.80       18.50       18.75       20.60       16.90       18.60       14          441         
2492        華新科      242.00      245.50      228.50      248.50      273.00      224.00      228.50      1237        33912       
2493        揚博        27.10       27.35       27.10       27.15       29.85       24.45       27.25       2           91          
3003        健和興      42.60       42.60       42.05       42.40       46.60       38.20       42.25       13          162         
3011        今皓        6.18        6.23        6.10        6.18        6.79        5.57        6.15        3           76          
3015        全漢        20.65       20.95       20.60       20.75       22.80       18.70       20.85       4           151         
3021        鴻名        14.85       14.90       14.80       14.95       16.40       13.50       14.90       2           54          
3023        信邦        134.50      135.50      132.50      135.00      148.50      121.50      132.50      58          863         
3026        禾伸堂      114.50      116.00      111.00      116.50      128.00      105.00      112.00      364         7093        
3032        偉訓        26.30       26.45       26.20       26.50       29.15       23.85       26.30       2           82          
3037        欣興        41.30       42.50       41.05       41.75       45.90       37.60       41.25       1237        23719       
3042        晶技        47.80       48.15       46.60       48.45       53.20       43.65       46.80       249         4953        
3044        健鼎        112.50      116.00      112.50      114.00      125.00      103.00      115.50      142         1040        
3058        立德        6.44        6.50        6.39        6.53        7.18        5.88        6.39        13          129         
3090        日電貿      54.00       55.00       53.50       54.50       59.90       49.05       53.70       219         3694        
3229        晟鈦        11.75       11.75       11.55       11.80       12.95       10.65       11.70       1           36          
3296        勝德        13.80       13.80       13.60       13.90       15.25       12.55       13.70       5           55          
3308        聯德        5.37        5.47        5.37        5.50        6.05        4.95        5.47        1           5           
3321        同泰        12.00       12.25       12.00       12.30       13.50       11.10       12.05       5           420         
3338        泰碩        79.70       86.90       79.70       79.00       86.90       71.10       86.90       46          29468       
3376        新日興      145.50      149.00      144.50      148.00      162.50      133.50      144.50      126         2155        
3432        台端        12.00       12.15       12.00       12.00       13.20       10.80       12.10       1           129         
3501        維熹        47.00       47.10       46.90       47.00       51.70       42.30       47.10       3           49          
3533        嘉澤        310.00      313.00      307.00      311.50      342.50      280.50      307.00      65          691         
3550        聯穎        13.30       13.50       13.25       13.50       14.85       12.15       13.45       1           22          
3593        力銘        8.90        8.90        8.50        8.53        9.38        7.68        -           -           35          
3605        宏致        26.05       26.65       26.00       26.40       29.00       23.80       26.25       8           403         
3607        谷崧        13.90       14.05       13.75       13.90       15.25       12.55       13.75       20          263         
3645        達邁        42.40       42.75       42.10       42.50       46.75       38.25       42.55       14          261         
3653        健策        224.50      229.50      223.50      226.50      249.00      204.00      224.00      167         2052        
3679        新至陞      59.90       61.20       59.30       60.00       66.00       54.00       59.60       3           72          
4545        銘鈺        28.20       28.80       27.70       28.00       30.80       25.20       28.25       7           222         
4912        聯德控股-KY 99.80       99.80       97.80       98.60       108.00      88.80       98.80       5           45          
4915        致伸        50.30       51.10       50.00       51.00       56.10       45.90       50.10       301         4285        
4927        泰鼎-KY     56.10       58.80       56.10       55.90       61.40       50.40       57.10       644         20176       
4943        康控-KY     146.00      150.50      145.00      148.00      162.50      133.50      147.00      165         1597        
4958        臻鼎-KY     121.00      122.50      119.00      123.50      135.50      111.50      119.00      234         5567        
4989        榮科        20.60       20.60       20.40       20.60       22.65       18.55       20.45       3           73          
4999        鑫禾        39.00       39.80       39.00       39.45       43.35       35.55       -           -           48          
5469        瀚宇博      37.80       38.30       37.60       38.40       42.20       34.60       37.60       329         3386        
6108        競國        23.45       23.50       23.40       23.50       25.85       21.15       23.45       3           257         
6115        鎰勝        44.15       44.15       43.95       44.20       48.60       39.80       44.10       1           240         
6133        金橋        7.38        7.55        7.37        7.45        8.19        6.71        7.48        1           30          
6141        柏承        17.50       17.90       17.40       17.55       19.30       15.80       17.60       5           285         
6153        嘉聯益      32.65       33.80       32.65       33.00       36.30       29.70       33.20       267         6668        
6155        鈞寶        27.50       27.70       26.50       27.85       30.60       25.10       26.50       46          830         
6165        捷泰        22.40       23.95       22.40       22.70       24.95       20.45       23.25       9           412         
6191        精成科      14.50       14.70       14.50       14.60       16.05       13.15       14.70       127         948         
6197        佳必琪      29.95       30.25       29.75       29.95       32.90       27.00       29.75       9           360         
6205        詮欣        24.10       24.10       23.85       23.90       26.25       21.55       23.85       12          30          
6213        聯茂        146.00      154.00      146.00      148.00      162.50      133.50      152.00      315         12368       
6224        聚鼎        64.70       64.80       63.30       64.70       71.10       58.30       64.40       9           117         
6251        定穎        14.90       15.85       14.90       15.15       16.65       13.65       15.45       176         5067        
6269        台郡        117.50      119.00      116.50      119.00      130.50      107.50      116.50      499         3909        
6282        康舒        23.90       24.05       23.75       24.05       26.45       21.65       23.95       79          2129        
6412        群電        60.00       60.90       60.00       61.20       67.30       55.10       60.20       17          218         
6449        鈺邦        33.35       33.65       33.25       33.65       37.00       30.30       33.25       6           91          
6672        騰輝電子-KY 85.20       87.60       85.20       86.10       94.70       77.50       86.50       17          532         
6715        嘉基        109.00      111.50      107.00      111.00      122.00      99.90       108.50      10          501         
8039        台虹        46.80       48.15       46.75       47.10       51.80       42.40       47.30       85          2401        
8046        南電        54.50       56.10       54.40       55.30       60.80       49.80       55.20       546         12054       
8103        瀚荃        23.75       24.00       23.70       24.00       26.40       21.60       24.00       2           96          
8213        志超        32.05       32.45       32.00       32.30       35.50       29.10       32.35       20          478         
8249        菱光        21.00       21.30       20.95       21.20       23.30       19.10       21.20       3           56          
2347        聯強        37.00       37.80       36.85       37.60       41.35       33.85       37.65       433         4025        
2414        精技        22.70       22.85       22.65       22.75       25.00       20.50       22.75       13          104         
2430        燦坤        16.05       16.30       16.00       16.05       17.65       14.45       -           -           70          
2459        敦吉        41.10       41.50       41.10       41.60       45.75       37.45       -           -           101         
3010        華立        54.50       54.70       54.30       54.70       60.10       49.25       54.50       3           159         
3028        增你強      20.20       20.25       20.10       20.25       22.25       18.25       20.20       4           218         
3033        威健        17.00       17.00       16.90       17.00       18.70       15.30       16.95       4           323         
3036        文曄        37.80       38.35       37.80       37.95       41.70       34.20       38.05       83          1920        
3048        益登        16.25       16.50       16.00       16.30       17.90       14.70       16.15       4           555         
3055        蔚華科      29.55       30.00       29.55       30.00       33.00       27.00       29.75       5           105         
3209        全科        19.50       19.60       19.45       19.50       21.45       17.55       19.55       2           168         
3312        弘憶股      13.90       14.00       13.90       13.85       15.20       12.50       13.90       5           395         
3528        安馳        37.80       38.00       37.80       37.80       41.55       34.05       -           -           45          
3702        大聯大      38.40       39.00       38.40       38.90       42.75       35.05       38.90       414         3391        
3702A       大聯大甲特  52.00       52.10       51.90       52.10       57.30       46.90       51.90       1           524         
5434        崇越        104.50      106.50      104.50      105.50      116.00      95.00       105.50      43          637         
6189        豐藝        33.90       34.20       33.85       34.10       37.50       30.70       34.10       4           145         
6281        全國電      67.50       67.50       67.10       67.70       74.40       61.00       -           -           59          
8070        長華        163.50      164.50      163.00      164.50      180.50      148.50      -           -           55          
8072        陞泰        20.10       20.75       20.10       20.10       22.10       18.10       20.15       2           51          
8112        至上        31.90       31.95       31.70       32.05       35.25       28.85       31.70       129         1279        
2427        三商電      10.50       10.55       10.45       10.55       11.60       9.50        10.55       20          241         
2453        凌群        16.15       16.40       16.10       16.20       17.80       14.60       16.25       8           210         
2468        華經        12.80       12.90       12.75       12.85       14.10       11.60       12.90       3           93          
2471        資通        19.10       19.10       19.00       19.10       21.00       17.20       19.05       10          165         
2480        敦陽科      55.40       57.70       55.20       55.60       61.10       50.10       57.30       58          1564        
3029        零壹        29.50       30.05       29.50       29.80       32.75       26.85       29.80       24          553         
3130        一零四      152.00      153.00      152.00      152.50      167.50      137.50      -           -           16          
4994        傳奇        78.80       78.90       77.70       77.70       85.40       70.00       77.70       10          269         
5203        訊連        118.00      130.50      117.00      119.00      130.50      107.50      127.50      99          6910        
6112        聚碩        33.15       33.35       33.00       33.15       36.45       29.85       33.15       17          186         
6183        關貿        40.00       40.50       39.95       40.05       44.05       36.05       40.20       2           95          
6214        精誠        79.30       79.50       78.80       79.30       87.20       71.40       79.30       25          464         
2312        金寶        13.80       14.00       13.75       13.95       15.30       12.60       13.80       307         5024        
2317        鴻海        81.20       82.20       80.70       82.30       90.50       74.10       81.10       3361        42975       
2354        鴻準        59.30       59.80       59.30       59.90       65.80       54.00       59.60       160         2239        
2359        所羅門      20.45       20.70       20.45       20.65       22.70       18.60       20.50       20          352         
2360        致茂        151.00      152.00      149.50      153.00      168.00      138.00      150.00      74          1504        
2373        震旦行      88.00       88.00       87.50       88.10       96.90       79.30       87.50       5           45          
2390        云辰        10.00       10.10       9.93        10.05       11.05       9.05        9.93        50          930         
2404        漢唐        184.50      185.00      183.50      185.00      203.50      166.50      184.00      34          680         
2423        固緯        25.10       25.20       24.95       25.20       27.70       22.70       25.20       5           193         
2433        互盛電      52.60       52.60       52.50       52.70       57.90       47.45       52.60       2           73          
2461        光群雷      16.35       17.00       16.35       16.55       18.20       14.90       16.80       19          460         
2464        盟立        35.45       35.85       35.40       35.45       38.95       31.95       35.60       17          285         
2474        可成        249.00      251.00      247.50      253.50      278.50      228.50      250.00      318         3624        
2477        美隆電      22.75       22.90       22.70       22.90       25.15       20.65       -           -           60          
2482        連宇        12.45       12.45       12.10       12.45       13.65       11.25       12.10       18          227         
2488        漢平        29.80       30.30       29.70       29.70       32.65       26.75       30.30       12          214         
2495        普安        12.65       12.65       12.60       12.65       13.90       11.40       12.60       5           82          
3018        同開        25.25       25.90       25.05       25.25       27.75       22.75       25.15       19          526         
3030        德律        50.60       51.10       50.60       51.40       56.50       46.30       50.80       41          477         
3043        科風        1.98        1.98        1.97        2.00        2.20        1.80        1.98        5           56          
3305        昇貿        22.35       22.40       22.30       22.35       24.55       20.15       22.40       4           54          
3450        聯鈞        73.50       75.20       73.20       74.00       81.40       66.60       73.60       307         6691        
3518        柏騰        29.20       29.30       28.60       29.35       32.25       26.45       28.85       41          629         
3617        碩天        105.00      105.50      104.50      105.50      116.00      95.00       105.00      7           112         
3665        貿聯-KY     205.50      207.50      203.00      207.50      228.00      187.00      204.00      88          1851        
5225        東科-KY     44.00       44.85       43.65       44.10       48.50       39.70       44.25       3           183         
6139        亞翔        30.50       30.75       29.90       31.00       34.10       27.90       29.95       31          880         
6192        巨路        71.20       72.00       71.20       71.60       78.70       64.50       71.40       1           38          
6196        帆宣        83.10       83.60       81.50       83.20       91.50       74.90       81.50       93          1527        
6201        亞弘電      34.75       34.75       34.65       34.85       38.30       31.40       34.65       1           52          
6215        和椿        14.00       15.40       14.00       14.00       15.40       12.60       14.55       40          1183        
6283        淳安        24.95       24.95       24.40       24.95       27.40       22.50       24.50       1           126         
6409        旭隼        729.00      742.00      727.00      728.00      800.00      656.00      727.00      7           80          
6558        興能高      56.40       57.30       55.90       56.60       62.20       51.00       56.30       18          429         
6698        旭暉應材    68.00       69.80       68.00       69.10       76.00       62.20       68.80       3           167         
8021        尖點        20.45       20.60       20.30       20.55       22.60       18.50       20.45       20          812         
8201        無敵        9.12        9.17        9.12        9.18        10.05       8.27        9.17        6           18          
1598        岱宇        37.00       37.65       36.85       37.15       40.85       33.45       37.35       10          132         
1701        中化        20.30       20.40       20.20       20.35       22.35       18.35       20.30       22          572         
1707        葡萄王      217.00      220.00      216.00      216.00      237.50      194.50      217.00      91          1974        
1720        生達        33.80       33.85       33.65       33.85       37.20       30.50       33.65       16          264         
1731        美吾華      14.65       14.80       14.40       14.60       16.05       13.15       14.40       93          1734        
1733        五鼎        24.85       25.00       24.70       25.10       27.60       22.60       24.70       41          208         
1734        杏輝        21.55       21.70       21.05       21.50       23.65       19.35       21.10       58          1047        
1736        喬山        76.10       76.70       75.50       76.90       84.50       69.30       75.60       49          897         
1760        寶齡富錦    82.00       83.30       81.60       83.00       91.30       74.70       81.90       9           209         
1762        中化生      39.80       40.45       39.30       40.10       44.10       36.10       39.50       114         1742        
1783        和康生      23.00       23.15       22.90       23.10       25.40       20.80       22.95       1           81          
1786        科妍        62.20       62.70       61.90       62.50       68.70       56.30       61.90       8           103         
1789        神隆        28.80       29.10       28.60       28.85       31.70       26.00       28.60       85          1235        
1795        美時        90.90       91.80       89.90       91.30       100.00      82.20       89.90       60          973         
3164        景岳        24.05       24.05       23.80       24.30       26.70       21.90       23.80       4           57          
3705        永信        44.00       44.00       43.80       43.90       48.25       39.55       43.90       3           135         
4104        佳醫        53.00       53.50       52.70       52.80       58.00       47.55       53.10       3           285         
4106        雃博        25.20       25.85       24.75       25.15       27.65       22.65       25.00       18          499         
4108        懷特        17.65       17.65       17.30       17.50       19.25       15.75       17.30       5           163         
4119        旭富        119.00      121.50      119.00      121.00      133.00      109.00      121.00      121         1101        
4133        亞諾法      40.40       40.95       38.85       39.90       43.85       35.95       39.00       296         4765        
4137        麗豐-KY     190.50      193.50      190.00      194.00      213.00      175.00      190.00      47          261         
4141        龍燈-KY     14.40       14.50       14.20       14.50       15.95       13.05       14.35       10          454         
4142        國光生      27.85       28.00       27.50       27.50       30.25       24.75       27.55       411         8876        
4144        康聯-KY     27.70       27.75       27.50       27.70       30.45       24.95       27.70       10          126         
4148        全宇生技-KY 36.55       36.55       35.75       36.85       40.50       33.20       35.90       1           118         
4155        訊映        33.80       34.50       33.40       34.00       37.40       30.60       34.50       74          473         
4164        承業醫      36.70       37.45       36.70       37.00       40.70       33.30       37.05       3           233         
4190        佐登-KY     90.40       90.80       89.70       90.50       99.50       81.50       90.20       24          358         
4737        華廣        79.20       79.70       79.10       79.20       87.10       71.30       79.70       2           70          
4746        台耀        42.30       42.45       41.00       41.90       46.05       37.75       41.30       20          781         
6452        康友-KY     217.00      217.00      211.00      217.00      238.50      195.50      212.00      56          1866        
6491        晶碩        147.00      148.00      146.50      147.00      161.50      132.50      147.50      3           67          
6541        泰福-KY     47.55       47.55       46.00       47.55       52.30       42.80       46.00       110         828         
6666        羅麗芬-KY   136.50      137.00      136.00      137.50      151.00      124.00      136.00      2           33          
