股票代號    公司簡稱    開盤        最高        最低        昨收        漲停價      跌停價      當盤成交價  當盤成交量  累積成交量  
2302        麗正        4.90        5.15        4.90        5.44        5.98        4.90        4.92        1           255         
2303        聯電        13.75       14.00       13.65       13.90       15.25       12.55       13.75       15519       132796      
2329        華泰        9.00        9.58        8.86        9.82        10.80       8.84        8.90        188         4807        
2330        台積電      265.00      276.50      265.00      276.50      304.00      249.00      268.00      13165       120713      
2337        旺宏        25.90       27.50       25.35       27.20       29.90       24.50       25.35       3793        78143       
2338        光罩        22.50       24.90       22.50       24.15       26.55       21.75       23.60       231         6615        
2342        茂矽        22.10       24.20       21.65       23.25       25.55       20.95       23.35       305         11417       
2344        華邦電      12.00       12.30       11.50       12.50       13.75       11.25       11.50       3771        55245       
2351        順德        39.30       42.40       39.30       42.75       47.00       38.50       41.00       8           815         
2363        矽統        5.60        6.04        5.60        6.06        6.66        5.46        5.80        140         2563        
2369        菱生        8.00        8.90        7.99        8.85        9.73        7.97        8.06        148         3267        
2379        瑞昱        181.00      192.50      180.00      187.00      205.50      168.50      184.50      1197        6119        
2388        威盛        18.20       20.00       18.20       20.00       22.00       18.00       19.75       102         1397        
2401        凌陽        8.08        8.81        8.07        8.81        9.69        7.93        8.36        42          1978        
2408        南亞科      55.20       58.30       54.10       59.20       65.10       53.30       54.10       1572        21591       
2434        統懋        6.29        6.30        6.20        6.30        6.93        5.67        -           -           118         
2436        偉詮電      20.75       22.00       20.65       21.25       23.35       19.15       21.90       81          2344        
2441        超豐        38.20       39.65       38.20       40.15       44.15       36.15       38.90       106         1970        
2449        京元電子    30.50       31.40       29.90       30.50       33.55       27.45       30.00       700         17173       
2451        創見        68.50       72.40       67.80       73.00       80.30       65.70       67.80       116         2129        
2454        聯發科      308.00      328.50      308.00      320.00      352.00      288.00      315.50      1545        14235       
2458        義隆        72.30       76.20       72.00       75.00       82.50       67.50       73.70       172         5168        
2481        強茂        16.40       17.80       16.15       17.90       19.65       16.15       16.15       170         6646        
3006        晶豪科      26.10       28.90       26.10       28.50       31.35       25.65       27.50       112         2689        
3014        聯陽        38.50       40.40       38.45       40.50       44.55       36.45       38.85       129         3423        
3016        嘉晶        47.60       52.90       47.60       49.50       54.40       44.55       52.00       592         20023       
3034        聯詠        168.00      178.50      168.00      171.50      188.50      154.50      170.00      751         7078        
3035        智原        31.00       33.70       30.80       32.70       35.95       29.45       32.95       301         5446        
3041        揚智        13.05       14.30       13.00       14.30       15.70       12.90       13.10       249         4654        
3054        立萬利      23.20       23.30       22.40       23.80       26.15       21.45       22.85       1           45          
3094        聯傑        15.25       16.60       15.25       16.00       17.60       14.40       15.90       51          582         
3189        景碩        36.10       38.60       35.15       39.00       42.90       35.10       35.20       245         10882       
3257        虹冠電      45.50       47.70       45.45       48.10       52.90       43.30       47.40       16          281         
3413        京鼎        106.00      113.50      103.50      111.00      122.00      99.90       104.00      108         2991        
3443        創意        167.00      186.00      167.00      181.50      199.50      163.50      185.00      102         1764        
3530        晶相光      74.50       81.90       74.10       80.90       88.90       72.90       74.10       155         2806        
3532        台勝科      130.00      147.00      130.00      134.00      147.00      121.00      143.00      189         5965        
3536        誠創        3.80        3.80        3.56        3.95        4.34        3.56        3.56        20          145         
3545        敦泰        25.00       27.60       25.00       26.30       28.90       23.70       27.25       322         9691        
3583        辛耘        38.00       41.15       38.00       40.30       44.30       36.30       38.70       17          467         
3588        通嘉        21.50       22.00       20.50       22.45       24.65       20.25       20.60       10          398         
3661        世芯-KY     165.00      180.00      163.50      173.00      190.00      156.00      172.00      383         10946       
3686        達能        3.01        3.29        3.00        3.33        3.66        3.00        3.29        8           798         
3711        日月光投控  56.40       59.30       56.10       59.30       65.20       53.40       57.70       2209        18629       
4919        新唐        29.75       31.50       29.75       32.25       35.45       29.05       30.20       61          1878        
4952        凌通        26.20       27.00       26.15       27.25       29.95       24.55       26.45       25          361         
4961        天鈺        21.90       23.95       21.90       24.05       26.45       21.65       22.50       21          1192        
4967        十銓        34.00       35.60       32.60       36.20       39.80       32.60       32.60       8           7272        
4968        立積        113.50      123.50      110.00      122.00      134.00      110.00      110.50      133         6231        
5269        祥碩        669.00      708.00      655.00      684.00      752.00      616.00      672.00      100         2119        
5285        界霖        37.20       39.80       37.10       40.60       44.65       36.55       37.35       25          377         
5305        敦南        39.25       39.25       38.80       39.25       43.15       35.35       38.80       54          487         
5471        松翰        34.05       35.70       34.05       34.20       37.60       30.80       34.45       310         8958        
6202        盛群        63.10       64.90       62.10       61.80       67.90       55.70       63.40       263         3699        
6239        力成        80.70       84.00       79.10       85.80       94.30       77.30       79.70       788         7788        
6243        迅杰        6.17        6.50        6.17        6.85        7.53        6.17        6.32        5           208         
6257        矽格        31.00       32.35       30.70       31.85       35.00       28.70       31.05       248         9168        
6271        同欣電      99.60       108.00      99.40       107.50      118.00      96.80       101.00      254         5623        
6415        矽力-KY     801.00      850.00      778.00      864.00      950.00      778.00      778.00      86          1643        
6451        訊芯-KY     80.10       87.10       79.20       87.00       95.70       78.30       79.20       125         2234        
6525        捷敏-KY     44.25       47.20       44.25       47.60       52.30       42.85       46.25       4           385         
6531        愛普        85.00       94.50       83.10       90.10       99.10       81.10       83.10       304         5596        
6533        晶心科      70.60       79.00       70.60       77.00       84.70       69.30       77.20       23          886         
6552        易華電      45.00       49.00       44.15       49.05       53.90       44.15       44.25       45          2060        
6573        虹揚-KY     16.25       17.00       16.20       18.00       19.80       16.20       16.20       4           250         
8016        矽創        115.50      125.50      115.50      123.00      135.00      111.00      119.00      178         3217        
8028        昇陽半導體  41.20       44.80       41.20       44.90       49.35       40.45       41.25       234         2798        
8081        致新        90.30       98.50       90.30       95.00       104.50      85.50       94.40       46          1706        
8110        華東        7.38        7.68        7.34        7.73        8.50        6.96        7.50        88          1742        
8131        福懋科      32.00       33.15       31.60       33.25       36.55       29.95       31.85       65          1153        
8150        南茂        24.50       26.00       24.40       25.50       28.05       22.95       25.45       176         6987        
8261        富鼎        17.10       18.60       16.85       18.60       20.45       16.75       16.90       36          899         
8271        宇瞻        34.10       37.75       34.10       36.90       40.55       33.25       35.70       169         3398        
2301        光寶科      39.90       40.15       39.10       40.35       44.35       36.35       39.40       2140        14067       
2305        全友        4.02        4.15        3.92        4.35        4.78        3.92        3.92        43          931         
2324        仁寶        16.35       16.65       16.35       16.75       18.40       15.10       16.50       2856        26603       
2331        精英        8.76        8.76        8.35        8.78        9.65        7.91        8.59        100         977         
2352        佳世達      15.25       15.70       15.20       15.85       17.40       14.30       15.30       200         6400        
2353        宏        13.05       13.80       13.00       13.50       14.85       12.15       13.45       2211        21813       
2356        英業達      20.00       20.30       19.70       20.35       22.35       18.35       19.90       1434        11814       
2357        華碩        182.00      187.00      181.50      185.00      203.50      166.50      185.00      497         3508        
2362        藍天        26.00       27.20       25.70       27.20       29.90       24.50       27.20       120         818         
2364        倫飛        1.37        1.47        1.37        1.51        1.66        1.36        1.46        25          197         
2365        昆盈        5.70        5.77        5.42        5.80        6.38        5.22        5.45        17          1180        
2376        技嘉        42.35       44.35       42.10       43.75       48.10       39.40       42.60       212         5204        
2377        微星        76.00       78.50       75.60       76.70       84.30       69.10       77.50       492         5166        
2380        虹光        3.40        3.48        3.25        3.48        3.82        3.14        3.42        10          140         
2382        廣達        54.70       57.30       54.70       57.30       63.00       51.60       56.20       1864        15385       
2387        精元        27.00       28.45       25.40       28.20       31.00       25.40       25.40       25          5307        
2395        研華        224.50      240.50      219.00      238.00      261.50      214.50      237.50      253         2006        
2397        友通        63.20       65.10       63.00       66.50       73.10       59.90       64.10       9           168         
2399        映泰        7.03        7.67        7.02        7.80        8.58        7.02        7.44        48          1325        
2405        浩鑫        6.52        6.96        6.50        7.16        7.87        6.45        6.50        272         1843        
2417        圓剛        8.99        9.95        8.71        9.17        10.05       8.26        9.54        111         5135        
2424        隴華        -           -           -           22.00       24.20       19.80       -           -           -           
2425        承啟        25.00       25.55       24.55       25.25       27.75       22.75       24.65       26          733         
2442        新美齊      6.15        6.54        6.14        6.81        7.49        6.13        6.14        41          2249        
2465        麗臺        6.21        6.39        6.04        6.70        7.37        6.03        6.05        31          334         
3002        歐格        8.90        8.91        8.65        8.91        9.80        8.02        8.83        21          218         
3005        神基        44.00       46.30       43.15       47.20       51.90       42.50       43.40       185         4519        
3013        晟銘電      10.90       11.50       10.90       11.40       12.50       10.30       11.35       6           361         
3017        奇鋐        26.80       28.85       26.80       28.75       31.60       25.90       27.00       548         14311       
3022        威強電      32.60       32.70       31.55       35.05       38.55       31.55       31.55       2           618         
3046        建        7.72        7.90        7.72        8.57        9.42        7.72        -           -           124         
3057        喬鼎        4.31        4.60        4.30        4.77        5.24        4.30        4.43        2           412         
3060        銘異        11.85       12.45       11.15       12.20       13.40       11.00       11.15       113         2233        
3231        緯創        21.70       21.70       20.80       22.15       24.35       19.95       20.80       2159        26151       
3416        融程電      50.00       50.80       49.75       51.50       56.60       46.35       -           -           160         
3494        誠研        3.39        3.39        3.13        3.42        3.76        3.08        3.21        3           382         
3515        華擎        82.10       91.60       82.10       84.50       92.90       76.10       90.50       168         4906        
3701        大眾控      11.55       12.35       11.55       12.75       14.00       11.50       -           -           17          
3706        神達        26.65       28.35       26.50       27.75       30.50       25.00       26.80       321         18134       
3712        永崴投控    11.00       11.55       10.80       12.00       13.20       10.80       11.00       30          934         
4916        事欣科      24.00       24.55       23.00       25.10       27.60       22.60       23.60       46          740         
4938        和碩        50.20       52.60       50.20       52.60       57.80       47.35       50.70       1364        11790       
5215        科嘉-KY     47.60       52.00       47.60       49.05       53.90       44.15       48.50       20          1122        
5258        虹堡        16.20       17.80       16.20       17.85       19.60       16.10       17.00       24          400         
5264        鎧勝-KY     31.90       34.10       31.05       31.00       34.10       27.90       33.50       171         6529        
6117        迎廣        11.50       12.60       11.45       12.60       13.85       11.35       12.30       1           25          
6128        上福        25.00       25.50       24.85       25.35       27.85       22.85       25.00       34          175         
6166        凌華        55.30       55.50       53.80       55.90       61.40       50.40       54.10       16          1185        
6172        互億        18.60       19.50       18.55       19.10       21.00       17.20       18.55       5           60          
6206        飛捷        59.10       60.60       58.00       61.30       67.40       55.20       59.00       16          620         
6230        超眾        164.00      175.50      158.00      168.00      184.50      151.50      172.00      138         3774        
6235        華孚        7.62        8.47        7.61        8.41        9.25        7.57        7.96        15          651         
6277        宏正        78.00       79.90       78.00       79.00       86.90       71.10       78.70       7           256         
6414        樺漢        150.00      162.00      150.00      165.00      181.50      148.50      151.50      44          2147        
6579        研揚        60.20       61.20       60.10       62.10       68.30       55.90       60.70       2           92          
6591        動力-KY     32.00       33.95       31.85       35.00       38.50       31.50       32.20       26          491         
6669        緯穎        635.00      698.00      635.00      661.00      727.00      595.00      674.00      166         2846        
8114        振樺電      72.50       72.90       70.50       75.70       83.20       68.20       72.00       13          333         
8163        達方        28.05       29.70       28.00       28.50       31.35       25.65       28.65       154         4408        
8210        勤誠        70.50       74.40       68.90       73.30       80.60       66.00       69.00       48          1819        
9912        偉聯        6.34        6.65        6.34        7.04        7.74        6.34        6.43        2           36          
2323        中環        6.26        6.67        6.25        6.45        7.09        5.81        6.66        1932        27328       
2340        光磊        15.65       16.80       15.65       16.85       18.50       15.20       16.05       89          3047        
2349        錸德        3.60        3.90        3.60        3.97        4.36        3.58        3.87        232         8350        
2374        佳能        11.20       11.35       10.90       11.60       12.75       10.45       10.95       6           775         
2393        億光        24.80       25.75       24.70       25.85       28.40       23.30       24.70       305         3220        
2406        國碩        8.62        9.40        8.60        9.52        10.45       8.57        8.80        117         1943        
2409        友達        7.35        7.58        7.24        7.58        8.33        6.83        7.25        10689       115687      
2426        鼎元        9.23        9.78        9.20        9.80        10.75       8.82        9.36        38          1616        
2438        翔耀        5.30        5.88        5.30        5.50        6.05        4.95        -           -           4           
2448        晶電        26.00       28.20       25.90       27.00       29.70       24.30       27.55       1024        35265       
2466        冠西電      32.50       32.50       32.00       32.55       35.80       29.30       32.25       3           60          
2486        一詮        5.20        5.69        5.19        5.69        6.25        5.13        5.54        33          515         
2489        瑞軒        6.49        6.95        6.49        7.17        7.88        6.46        6.71        310         4646        
2491        吉祥全      7.10        7.42        6.86        7.62        8.38        6.86        7.42        2           142         
2499        東貝        6.31        6.76        6.30        6.80        7.48        6.12        6.67        75          2822        
3008        大立光      3700.00     3850.00     3650.00     3725.00     4095.00     3355.00     3735.00     90          1187        
3019        亞光        57.30       63.80       57.30       62.00       68.20       55.80       60.20       302         5205        
3024        憶聲        6.07        6.47        6.07        6.65        7.31        5.99        6.46        30          279         
3031        佰鴻        10.20       10.75       10.15       10.85       11.90       9.77        10.15       24          663         
3038        全台        13.00       13.55       12.90       13.45       14.75       12.15       13.20       63          1520        
3049        和鑫        8.70        9.25        8.64        9.12        10.00       8.21        8.75        471         9587        
3050        鈺德        8.36        8.78        8.36        8.83        9.71        7.95        8.46        16          565         
3051        力特        3.17        3.20        3.01        3.34        3.67        3.01        3.09        40          528         
3059        華晶科      16.55       17.95       16.55       17.65       19.40       15.90       17.20       77          1310        
3149        正達        5.40        5.58        5.30        5.80        6.38        5.22        5.45        5           292         
3356        奇偶        18.80       20.30       18.80       20.80       22.85       18.75       19.25       33          550         
3383        新世紀      4.03        4.14        3.95        4.38        4.81        3.95        -           -           19          
3406        玉晶光      360.00      383.50      342.50      373.50      410.50      336.50      345.50      577         15686       
3437        榮創        11.10       11.95       11.10       12.10       13.30       10.90       11.15       34          1568        
3454        晶睿        66.50       68.50       65.00       70.10       77.10       63.10       66.00       9           379         
3481        群創        5.82        6.04        5.70        6.02        6.62        5.42        5.77        9697        178808      
3504        揚明光      46.00       50.00       45.45       50.50       55.50       45.45       45.45       55          2049        
3535        晶彩科      10.90       11.70       10.90       11.90       13.05       10.75       11.05       43          1867        
3557        嘉威        38.95       41.00       38.60       42.80       47.05       38.55       39.00       17          670         
3563        牧德        256.00      275.50      247.50      274.50      301.50      247.50      248.00      45          2586        
3576        聯合再生    4.64        4.97        4.64        5.01        5.51        4.51        4.71        560         9216        
3591        艾笛森      8.20        8.61        8.06        8.72        9.59        7.85        8.27        2           402         
3622        洋華        14.50       15.85       14.50       15.60       17.15       14.05       15.65       13          368         
3669        圓展        25.85       27.55       25.70       27.80       30.55       25.05       25.70       186         3873        
3673        TPK-KY      34.80       37.90       34.80       37.00       40.70       33.30       36.00       333         4810        
3698        隆達        10.85       11.70       10.85       11.85       13.00       10.70       11.20       59          2368        
4934        太極        10.70       12.10       10.70       11.70       12.85       10.55       11.45       59          3383        
4935        茂林-KY     87.50       94.50       82.80       91.80       100.50      82.70       82.80       290         5990        
4942        嘉彰        29.00       29.30       27.75       28.90       31.75       26.05       27.75       44          1370        
4956        光鋐        8.25        8.85        8.25        9.10        10.00       8.19        8.25        25          962         
4960        誠美材      4.05        4.35        4.02        4.46        4.90        4.02        4.30        178         3299        
4976        佳凌        14.00       14.75       13.90       15.40       16.90       13.90       13.95       14          1642        
5234        達興材料    68.80       73.00       68.80       74.10       81.50       66.70       71.50       3           490         
5243        乙盛-KY     24.60       26.40       24.60       26.10       28.70       23.50       25.90       20          820         
5484        慧友        7.40        7.43        7.40        7.50        8.25        6.75        7.40        19          291         
6116        彩晶        5.13        5.50        5.13        5.49        6.03        4.95        5.29        959         23571       
6120        達運        9.20        9.90        9.19        10.20       11.20       9.18        9.20        51          3278        
6131        鈞泰        3.49        3.49        3.49        3.49        3.83        3.15        -           -           32          
6164        華興        5.01        5.13        4.86        5.40        5.94        4.86        4.96        4           631         
6168        宏齊        10.15       10.90       10.15       11.00       12.10       9.90        10.20       4           631         
6176        瑞儀        82.50       85.70       80.80       84.50       92.90       76.10       82.00       246         6501        
6209        今國光      15.65       17.10       15.65       17.20       18.90       15.50       15.75       49          1410        
6225        天瀚        -           -           -           1.98        2.17        1.79        -           -           -           
6226        光鼎        6.46        6.46        6.21        6.33        6.96        5.70        6.30        70          1318        
6278        台表科      64.50       70.80       64.50       69.80       76.70       62.90       64.80       418         7509        
6289        華上        1.70        1.80        1.66        1.80        1.98        1.62        1.66        13          41          
6405        悅城        11.85       11.85       11.00       11.70       12.85       10.55       -           -           69          
6431        光麗-KY     19.10       20.90       19.10       20.70       22.75       18.65       20.80       2           40          
6443        元晶        4.68        4.97        4.63        5.01        5.51        4.51        4.67        98          1144        
6456        GIS-KY      70.10       75.80       70.10       73.80       81.10       66.50       72.60       179         4091        
6477        安集        17.30       17.50       17.00       17.70       19.45       15.95       17.20       5           739         
6668        中揚光      51.20       55.90       51.20       56.50       62.10       50.90       51.20       23          1534        
6706        惠特        70.70       76.80       70.70       75.50       83.00       68.00       73.30       22          848         
8104        錸寶        26.90       28.90       26.60       29.35       32.25       26.45       27.15       12          309         
8105        凌巨        7.82        8.50        7.82        8.66        9.52        7.80        8.05        93          2254        
8215        明基材      12.05       13.00       12.05       13.15       14.45       11.85       12.80       92          3587        
2314        台揚        14.20       15.20       14.15       15.70       17.25       14.15       14.15       33          3159        
2321        東訊        1.16        1.38        1.16        1.26        1.38        1.14        1.38        2           199         
2332        友訊        9.05        9.75        9.05        9.89        10.85       8.91        9.17        188         5874        
2345        智邦        156.00      169.50      156.00      163.00      179.00      147.00      168.50      690         10513       
2412        中華電      104.00      107.00      103.50      105.00      115.50      94.50       107.00      3006        22024       
2419        仲琦        18.20       18.50       17.45       18.85       20.70       17.00       17.60       99          1256        
2439        美律        123.50      127.50      118.00      125.00      137.50      112.50      126.00      97          4398        
2444        兆勁        15.50       15.50       14.60       15.60       17.15       14.05       15.05       121         1023        
2450        神腦        26.80       27.00       26.10       27.55       30.30       24.80       27.00       10          226         
2455        全新        69.00       75.00       69.00       74.20       81.60       66.80       71.00       91          3368        
2485        兆赫        12.10       13.20       12.10       13.25       14.55       11.95       12.60       47          1441        
2498        宏達電      25.50       27.45       25.40       27.00       29.70       24.30       26.95       698         10793       
3025        星通        13.80       15.20       13.80       15.25       16.75       13.75       14.35       7           311         
3027        盛達        6.19        6.19        5.75        6.30        6.93        5.67        5.77        7           708         
3045        台灣大      102.00      104.50      101.00      103.50      113.50      93.20       103.00      974         10284       
3047        訊舟        6.32        6.73        6.30        6.85        7.53        6.17        6.30        64          1002        
3062        建漢        11.40       12.25       11.20       12.25       13.45       11.05       11.40       54          2388        
3311        閎暉        20.45       22.25       20.45       22.30       24.50       20.10       20.80       3           133         
3380        明泰        16.55       17.30       15.95       17.30       19.00       15.60       16.00       214         4576        
3419        譁裕        9.62        10.35       9.61        10.65       11.70       9.59        9.80        36          1013        
3596        智易        56.70       61.70       56.60       62.00       68.20       55.80       58.20       142         4117        
3682        亞太電      5.61        5.84        5.60        5.87        6.45        5.29        5.66        144         7120        
3694        海華        12.20       12.90       11.90       13.20       14.50       11.90       11.90       135         332         
3704        合勤控      10.10       11.35       10.10       11.15       12.25       10.05       11.15       125         8453        
4904        遠傳        60.90       63.60       60.10       60.90       66.90       54.90       62.70       1391        10811       
4906        正文        17.00       18.45       16.90       18.75       20.60       16.90       16.90       211         4772        
4977        眾達-KY     86.60       93.20       85.20       92.70       101.50      83.50       87.00       96          2779        
5388        中磊        60.10       61.70       59.40       62.20       68.40       56.00       61.30       88          2405        
6136        富爾特      16.80       16.80       15.90       17.00       18.70       15.30       16.00       6           459         
6142        友勁        4.45        4.83        4.40        4.84        5.32        4.36        4.45        15          478         
6152        百一        4.50        4.50        4.16        4.60        5.06        4.14        -           -           251         
6216        居易        24.00       24.25       23.75       25.00       27.50       22.50       23.75       12          319         
6285        啟        51.50       55.00       51.50       55.50       61.00       49.95       52.10       80          3022        
6416        瑞祺電通    115.00      125.00      113.00      114.00      125.00      103.00      115.00      252         10909       
6442        光聖        34.05       36.95       34.00       35.90       39.45       32.35       35.00       2           117         
6674        鋐寶科技    17.60       18.65       17.45       19.35       21.25       17.45       17.45       14          144         
8011        台通        12.05       12.35       11.40       12.35       13.55       11.15       11.55       13          886         
8101        華冠        3.70        4.07        3.70        4.00        4.40        3.60        3.79        14          721         
1471        首利        1.56        1.56        1.55        1.70        1.87        1.53        -           -           142         
1582        信錦        66.30       69.00       66.30       70.60       77.60       63.60       68.00       58          977         
2059        川湖        300.00      308.50      292.00      305.50      336.00      275.00      295.00      22          484         
2308        台達電      114.00      119.00      113.50      118.00      129.50      106.50      115.50      1477        8761        
2313        華通        28.00       30.40       27.70       29.70       32.65       26.75       27.70       1860        30066       
2316        楠梓電      24.15       26.40       24.05       26.35       28.95       23.75       24.05       261         5503        
2327        國巨        276.00      296.00      262.00      290.50      319.50      261.50      265.00      1136        38717       
2328        廣宇        15.60       16.50       15.60       16.30       17.90       14.70       15.80       127         3626        
2355        敬鵬        21.40       22.90       21.35       23.25       25.55       20.95       21.95       36          1995        
2367        燿華        17.20       18.85       17.20       18.90       20.75       17.05       17.40       635         18729       
2368        金像電      20.10       21.40       19.75       19.80       21.75       17.85       20.05       3322        123982      
2375        凱美        28.30       30.20       28.20       29.50       32.45       26.55       28.60       183         3401        
2383        台光電      97.20       106.00      97.20       104.50      114.50      94.10       101.00      125         5400        
2385        群光        75.00       78.40       75.00       78.60       86.40       70.80       76.90       712         4665        
2392        正崴        26.10       27.85       26.10       27.80       30.55       25.05       26.90       148         4305        
2402        毅嘉        9.60        10.25       9.56        10.05       11.05       9.05        10.15       63          2562        
2413        環科        9.00        9.45        9.00        9.93        10.90       8.94        9.00        59          725         
2415        錩新        12.85       13.30       12.25       13.45       14.75       12.15       12.40       14          340         
2420        新巨        28.65       29.40       28.50       29.90       32.85       26.95       29.15       2           537         
2421        建準        32.15       33.95       32.00       33.10       36.40       29.80       33.00       55          2284        
2428        興勤        68.00       69.80       67.20       70.00       77.00       63.00       67.30       36          586         
2429        銘旺科      17.45       19.30       17.45       19.35       21.25       17.45       17.50       5           377         
2431        聯昌        5.96        6.35        5.96        6.62        7.28        5.96        5.96        12          1053        
2440        太空梭      6.80        7.15        6.80        7.50        8.25        6.75        -           -           26          
2456        奇力新      76.80       83.60       76.80       82.50       90.70       74.30       78.90       337         9894        
2457        飛宏        5.92        6.05        5.65        6.17        6.78        5.56        5.68        61          2049        
2460        建通        7.08        7.55        7.08        7.70        8.47        6.93        7.22        3           70          
2462        良得電      24.30       25.25       24.00       25.35       27.85       22.85       24.70       6           107         
2467        志聖        24.30       25.80       24.30       25.30       27.80       22.80       25.00       34          1042        
2472        立隆電      26.50       28.10       26.50       28.10       30.90       25.30       27.30       16          477         
2476        鉅祥        17.50       17.95       17.00       17.65       19.40       15.90       17.55       10          210         
2478        大毅        51.10       56.50       50.40       53.50       58.80       48.15       54.20       422         12375       
2483        百容        15.65       16.90       15.65       17.00       18.70       15.30       -           -           120         
2484        希華        16.20       16.60       15.80       16.45       18.05       14.85       15.85       23          1034        
2492        華新科      153.00      160.50      148.50      156.50      172.00      141.00      150.00      825         25020       
2493        揚博        23.05       24.50       23.05       24.90       27.35       22.45       24.15       8           496         
3003        健和興      31.00       32.45       30.75       32.60       35.85       29.35       32.00       204         948         
3011        今皓        4.04        4.20        4.04        4.30        4.73        3.87        4.13        15          188         
3015        全漢        16.15       16.60       16.15       16.80       18.45       15.15       16.35       5           175         
3021        鴻名        12.30       12.40       12.10       12.55       13.80       11.30       12.35       2           28          
3023        信邦        97.10       104.50      97.10       104.00      114.00      93.60       100.50      56          2421        
3026        禾伸堂      85.00       90.90       84.00       88.50       97.30       79.70       87.10       221         5454        
3032        偉訓        19.90       20.90       19.90       21.95       24.10       19.80       20.35       2           374         
3037        欣興        27.00       28.60       26.45       28.40       31.20       25.60       26.50       2092        45936       
3042        晶技        43.00       45.20       41.90       44.00       48.40       39.60       42.50       416         12416       
3044        健鼎        89.70       91.00       86.80       93.10       102.00      83.80       86.80       262         3435        
3058        立德        5.25        5.60        5.25        5.70        6.27        5.13        5.41        20          267         
3090        日電貿      36.30       39.90       36.25       39.50       43.45       35.55       37.30       158         2606        
3229        晟鈦        9.03        9.40        9.03        10.00       11.00       9.00        9.32        2           201         
3296        勝德        12.10       12.35       11.90       12.45       13.65       11.25       12.20       10          39          
3308        聯德        -           -           -           4.54        4.99        4.09        -           -           -           
3321        同泰        7.41        7.90        7.41        8.23        9.05        7.41        7.41        2           848         
3338        泰碩        74.90       81.30       72.40       77.00       84.70       69.30       79.80       536         13754       
3376        新日興      106.00      110.00      102.50      109.00      119.50      98.10       106.00      129         3013        
3432        台端        9.72        9.72        9.10        9.72        10.65       8.75        9.21        3           136         
3501        維熹        37.40       40.30       37.40       41.05       45.15       36.95       39.75       2           251         
3533        嘉澤        210.00      238.00      210.00      225.50      248.00      203.00      232.00      42          1629        
3550        聯穎        9.67        10.00       9.67        10.45       11.45       9.41        10.00       11          403         
3593        力銘        8.10        8.35        7.98        8.39        9.22        7.56        -           -           63          
3605        宏致        18.15       19.25       18.05       19.10       21.00       17.20       18.75       24          1118        
3607        谷崧        8.95        9.78        8.95        9.88        10.85       8.90        9.00        12          369         
3645        達邁        27.00       30.00       27.00       29.20       32.10       26.30       27.60       46          1074        
3653        健策        141.00      153.00      141.00      149.50      164.00      135.00      142.50      357         5809        
3679        新至陞      45.60       48.20       45.50       48.40       53.20       43.60       46.70       6           124         
4545        銘鈺        20.70       21.95       20.70       22.75       25.00       20.50       21.10       18          255         
4912        聯德控股-KY 55.00       62.50       55.00       59.30       65.20       53.40       62.50       14          186         
4915        致伸        38.20       40.20       38.00       40.00       44.00       36.00       39.30       147         3253        
4927        泰鼎-KY     44.50       50.50       44.50       46.55       51.20       41.90       49.15       228         10230       
4943        康控-KY     92.10       100.00      88.10       97.70       107.00      88.00       88.10       150         3589        
4958        臻鼎-KY     83.20       88.00       79.20       87.80       96.50       79.10       79.20       812         12788       
4989        榮科        13.50       14.40       13.40       14.70       16.15       13.25       13.55       6           304         
4999        鑫禾        31.35       31.85       30.80       32.40       35.60       29.20       31.55       4           96          
5469        瀚宇博      29.50       32.05       29.50       31.55       34.70       28.40       30.50       323         6178        
6108        競國        18.20       19.30       18.20       19.50       21.45       17.55       18.50       15          698         
6115        鎰勝        39.70       39.70       38.80       39.95       43.90       36.00       38.80       6           425         
6133        金橋        6.42        6.94        6.40        6.94        7.63        6.25        6.94        13          375         
6141        柏承        13.50       14.90       13.50       14.45       15.85       13.05       13.90       39          1637        
6153        嘉聯益      22.00       24.10       22.00       24.20       26.60       21.80       22.10       640         10272       
6155        鈞寶        17.00       18.40       17.00       18.55       20.40       16.70       17.35       19          739         
6165        捷泰        16.95       18.00       16.40       17.70       19.45       15.95       16.90       70          492         
6191        精成科      11.20       11.95       11.10       11.85       13.00       10.70       11.30       137         2664        
6197        佳必琪      22.15       23.70       22.15       24.05       26.45       21.65       23.00       17          733         
6205        詮欣        19.20       19.80       19.20       19.95       21.90       18.00       19.65       2           47          
6213        聯茂        112.00      120.00      109.00      118.00      129.50      106.50      110.00      321         8333        
6224        聚鼎        52.00       52.60       51.20       53.00       58.30       47.70       51.60       13          525         
6251        定穎        12.30       13.90       12.30       13.20       14.50       11.90       13.60       226         10855       
6269        台郡        90.00       94.00       89.70       94.00       103.00      84.60       89.80       306         9456        
6282        康舒        16.60       17.95       16.60       18.25       20.05       16.45       17.40       78          4209        
6412        群電        48.90       49.20       46.75       50.40       55.40       45.40       47.20       26          973         
6449        鈺邦        22.10       23.85       22.10       24.50       26.95       22.05       22.50       4           346         
6672        騰輝電子-KY 70.30       74.50       70.30       72.90       80.10       65.70       73.60       28          870         
6715        嘉基        67.50       73.60       67.00       73.10       80.40       65.80       71.00       18          400         
8039        台虹        40.30       42.40       40.20       42.40       46.60       38.20       41.00       160         3406        
8046        南電        43.00       46.00       42.00       43.70       48.05       39.35       44.70       316         11091       
8103        瀚荃        17.60       18.90       17.55       19.25       21.15       17.35       18.80       5           280         
8213        志超        27.60       27.75       26.95       27.95       30.70       25.20       27.05       89          1636        
8249        菱光        15.85       17.30       15.85       17.35       19.05       15.65       16.60       14          290         
2347        聯強        34.00       35.80       33.80       34.30       37.70       30.90       34.60       1017        10424       
2414        精技        20.15       20.70       20.10       20.85       22.90       18.80       20.35       255         1075        
2430        燦坤        13.30       13.35       13.00       13.60       14.95       12.25       13.25       2           249         
2459        敦吉        36.05       36.40       35.70       36.75       40.40       33.10       35.95       1           256         
3010        華立        46.00       47.80       46.00       48.15       52.90       43.35       46.70       16          422         
3028        增你強      17.00       17.35       17.00       17.85       19.60       16.10       17.35       28          778         
3033        威健        13.00       13.35       12.50       13.80       15.15       12.45       12.75       33          1450        
3036        文曄        34.70       35.60       34.35       35.55       39.10       32.00       35.30       53          3054        
3048        益登        12.85       13.50       12.85       13.50       14.85       12.15       13.30       58          1343        
3055        蔚華科      23.50       25.55       23.50       25.30       27.80       22.80       25.10       2           117         
3209        全科        16.35       17.30       16.30       17.35       19.05       15.65       16.95       4           804         
3312        弘憶股      11.40       11.70       10.95       11.70       12.85       10.55       11.20       125         898         
3528        安馳        34.50       34.80       33.50       35.75       39.30       32.20       34.50       4           180         
3702        大聯大      36.00       36.20       35.00       36.45       40.05       32.85       35.10       898         8663        
3702A       大聯大甲特  49.05       49.05       48.30       49.45       54.30       44.55       48.30       4           580         
5434        崇越        87.00       89.70       86.90       89.90       98.80       81.00       87.40       85          1377        
6189        豐藝        29.00       30.15       29.00       30.45       33.45       27.45       29.40       32          907         
6281        全國電      62.50       62.70       62.00       62.70       68.90       56.50       -           -           203         
8070        長華        134.00      138.50      132.00      140.00      154.00      126.00      132.50      14          425         
8072        陞泰        20.05       20.30       20.00       20.40       22.40       18.40       20.05       2           232         
8112        至上        29.60       31.00       29.60       31.20       34.30       28.10       30.10       241         5678        
2427        三商電      9.03        9.50        9.03        9.74        10.70       8.77        9.50        18          362         
2453        凌群        12.25       12.60       12.05       12.80       14.05       11.55       12.20       20          725         
2468        華經        11.80       12.95       11.80       12.75       14.00       11.50       12.45       5           174         
2471        資通        16.25       17.10       16.20       17.25       18.95       15.55       16.90       1           217         
2480        敦陽科      52.10       55.00       52.10       54.50       59.90       49.05       54.00       60          1289        
3029        零壹        27.10       28.80       27.10       28.20       31.00       25.40       28.20       53          1766        
3130        一零四      142.50      142.50      139.00      143.50      157.50      129.50      140.00      2           55          
4994        傳奇        42.80       46.50       42.80       46.85       51.50       42.20       44.00       24          498         
5203        訊連        96.00       99.20       90.20       99.60       109.50      89.70       94.30       97          2564        
6112        聚碩        31.30       33.25       31.30       33.25       36.55       29.95       32.05       26          1380        
6183        關貿        37.95       38.80       37.60       38.60       42.45       34.75       38.10       11          232         
6214        精誠        72.60       74.50       72.10       74.50       81.90       67.10       72.90       33          1100        
2312        金寶        10.05       10.55       10.00       10.50       11.55       9.45        10.00       291         6182        
2317        鴻海        70.10       72.80       70.00       71.10       78.20       64.00       70.60       9137        68818       
2354        鴻準        50.20       51.20       50.00       52.00       57.20       46.80       51.00       1163        7740        
2359        所羅門      15.00       16.00       15.00       16.05       17.65       14.45       15.55       26          565         
2360        致茂        110.00      113.50      104.00      114.00      125.00      103.00      107.50      202         4614        
2373        震旦行      82.90       84.00       81.80       84.10       92.50       75.70       83.30       30          66          
2390        云辰        6.06        6.63        6.06        6.73        7.40        6.06        6.11        184         2275        
2404        漢唐        142.00      153.00      142.00      152.00      167.00      137.00      147.00      114         2145        
2423        固緯        20.50       21.95       20.50       21.95       24.10       19.80       21.10       1           252         
2433        互盛電      45.00       46.70       45.00       47.25       51.90       42.55       45.80       4           316         
2461        光群雷      12.35       12.90       12.25       13.00       14.30       11.70       12.90       127         1562        
2464        盟立        27.70       28.90       27.70       29.10       32.00       26.20       28.70       27          726         
2474        可成        173.00      194.00      173.00      187.00      205.50      168.50      188.50      638         7271        
2477        美隆電      17.50       18.50       17.35       18.45       20.25       16.65       17.75       3           487         
2482        連宇        10.20       10.20       9.90        10.50       11.55       9.45        9.97        20          296         
2488        漢平        24.75       26.10       24.75       26.50       29.15       23.85       25.60       12          346         
2495        普安        10.45       11.00       10.45       10.90       11.95       9.81        10.70       24          1274        
3018        同開        15.00       16.55       15.00       16.60       18.25       14.95       15.90       14          973         
3030        德律        43.05       44.90       43.05       45.00       49.50       40.50       43.30       39          1470        
3043        科風        1.55        1.62        1.50        1.65        1.81        1.49        1.50        17          125         
3305        昇貿        19.00       19.15       18.75       19.55       21.50       17.60       18.90       4           128         
3450        聯鈞        54.50       61.70       54.50       59.00       64.90       53.10       60.30       217         7221        
3518        柏騰        20.15       21.60       20.00       21.20       23.30       19.10       20.15       36          611         
3617        碩天        75.00       79.30       74.20       79.70       87.60       71.80       75.50       18          580         
3665        貿聯-KY     142.00      157.00      141.50      153.50      168.50      138.50      147.00      99          2800        
5225        東科-KY     21.30       22.40       20.80       22.00       24.20       19.80       21.35       33          587         
6139        亞翔        21.40       22.50       21.25       23.10       25.40       20.80       21.25       35          946         
6192        巨路        56.80       56.90       55.00       57.60       63.30       51.90       55.30       8           313         
6196        帆宣        54.00       58.50       53.00       57.80       63.50       52.10       53.00       167         2126        
6201        亞弘電      31.80       31.80       31.50       32.80       36.05       29.55       31.60       2           174         
6215        和椿        10.10       10.70       10.10       11.00       12.10       9.90        10.25       8           529         
6283        淳安        13.60       14.70       13.60       15.10       16.60       13.60       13.65       14          1448        
6409        旭隼        588.00      617.00      588.00      607.00      667.00      547.00      601.00      8           137         
6558        興能高      32.95       35.00       32.90       36.55       40.20       32.90       32.90       6           1887        
6698        旭暉應材    44.05       47.00       43.90       48.60       53.40       43.75       44.20       4           405         
8021        尖點        16.50       17.20       16.40       17.00       18.70       15.30       16.50       114         1122        
8201        無敵        7.54        7.75        7.25        7.94        8.73        7.15        7.52        3           83          
1598        岱宇        35.65       36.60       35.20       36.80       40.45       33.15       36.60       93          638         
1701        中化        17.30       17.65       17.15       18.00       19.80       16.20       17.40       27          2139        
1707        葡萄王      203.00      214.00      203.00      210.00      231.00      189.00      207.00      74          1365        
1720        生達        30.10       30.55       29.95       30.90       33.95       27.85       30.05       2           402         
1731        美吾華      11.95       12.10       11.75       12.35       13.55       11.15       11.80       34          1003        
1733        五鼎        20.00       20.40       19.85       20.85       22.90       18.80       19.90       15          683         
1734        杏輝        16.20       16.85       16.15       17.55       19.30       15.80       16.25       47          1113        
1736        喬山        46.00       49.50       46.00       50.30       55.30       45.30       47.15       77          2314        
1760        寶齡富錦    59.40       62.70       59.40       66.00       72.60       59.40       59.40       17          1030        
1762        中化生      32.25       33.00       30.65       34.05       37.45       30.65       30.65       8           2638        
1783        和康生      15.60       16.00       15.50       17.20       18.90       15.50       15.50       15          594         
1786        科妍        40.10       44.05       40.10       44.25       48.65       39.85       41.00       15          489         
1789        神隆        25.40       26.40       24.90       27.00       29.70       24.30       25.85       120         5803        
1795        美時        58.90       62.70       58.80       65.30       71.80       58.80       58.80       8           3222        
3164        景岳        21.05       21.05       19.50       21.15       23.25       19.05       20.00       6           215         
3705        永信        39.20       40.30       39.15       40.60       44.65       36.55       40.00       16          802         
4104        佳醫        49.50       50.50       49.45       50.60       55.60       45.55       49.60       8           718         
4106        雃博        20.00       20.60       19.55       21.70       23.85       19.55       19.65       8           1088        
4108        懷特        12.60       13.20       12.50       13.85       15.20       12.50       12.50       43          570         
4119        旭富        98.10       103.00      97.10       103.00      113.00      92.70       98.50       130         2992        
4133        亞諾法      34.00       34.00       31.60       33.65       37.00       30.30       32.35       170         4074        
4137        麗豐-KY     160.50      169.50      159.00      165.50      182.00      149.00      164.50      35          682         
4141        龍燈-KY     12.40       12.40       11.65       12.90       14.15       11.65       12.00       47          497         
4142        國光生      30.50       31.00       28.70       30.20       33.20       27.20       28.85       1085        28411       
4144        康聯-KY     22.80       23.20       22.40       24.85       27.30       22.40       22.40       3           217         
4148        全宇生技-KY 22.60       22.60       20.35       22.60       24.85       20.35       20.40       9           277         
4155        訊映        26.00       26.15       25.00       26.45       29.05       23.85       25.60       31          847         
4164        承業醫      30.25       31.95       30.25       32.15       35.35       28.95       31.40       10          575         
4190        佐登-KY     64.50       70.00       64.10       69.80       76.70       62.90       67.20       9           552         
4737        華廣        68.70       70.90       63.90       70.90       77.90       63.90       65.50       14          344         
4746        台耀        49.30       52.50       44.30       49.20       54.10       44.30       44.35       309         12776       
6452        康友-KY     141.00      155.00      141.00      153.00      168.00      138.00      147.00      88          2034        
6491        晶碩        99.40       101.50      95.10       103.00      113.00      92.70       96.30       7           423         
6541        泰福-KY     30.10       31.50       29.35       32.60       35.85       29.35       29.75       19          767         
6666        羅麗芬-KY   92.10       97.00       91.90       100.00      110.00      90.00       93.60       3           182         
