股票代號    公司簡稱    開盤        最高        最低        昨收        漲停價      跌停價      當盤成交價  當盤成交量  累積成交量  
2302        麗正        6.0200      6.3800      6.0200      5.8000      6.3800      5.2200      6.3800      6           586         
2303        聯電        14.3500     14.3500     13.9000     14.1000     15.5000     12.7000     14.0000     4539        59159       
2329        華泰        9.8500      9.8600      9.4200      9.5300      10.4500     8.5800      9.4200      71          2938        
2330        台積電      284.0000    286.0000    273.0000    280.0000    308.0000    252.0000    273.0000    7830        68516       
2337        旺宏        27.7500     28.0000     25.8500     26.4500     29.0500     23.8500     25.9000     1992        63675       
2338        光罩        25.2500     25.5000     24.2000     24.7000     27.1500     22.2500     24.2000     347         9760        
2342        茂矽        21.5000     21.8500     20.2000     20.9000     22.9500     18.8500     20.2000     302         6456        
2344        華邦電      12.3500     12.4000     11.6500     11.6500     12.8000     10.5000     11.6500     1690        36890       
2351        順德        38.5500     40.3000     38.2500     38.2000     42.0000     34.4000     38.2500     21          956         
2363        矽統        8.2500      8.3400      7.9600      8.2000      9.0200      7.3800      7.9800      270         8745        
2369        菱生        8.4500      8.5700      8.0700      8.2100      9.0300      7.3900      8.1000      93          3419        
2379        瑞昱        207.5000    210.0000    200.0000    201.0000    221.0000    181.0000    201.0000    359         7156        
2388        威盛        20.0000     20.2500     19.2000     19.2000     21.1000     17.3000     19.2500     31          1091        
2401        凌陽        8.7800      8.8800      8.5400      8.5300      9.3800      7.6800      8.6000      21          1323        
2408        南亞科      59.0000     59.0000     55.0000     54.0000     59.4000     48.6000     55.0000     1331        28190       
2434        統懋        5.8500      6.0000      5.3600      5.8500      6.4300      5.2700      -           -           15          
2436        偉詮電      22.0000     22.4500     21.7000     21.7500     23.9000     19.6000     21.9000     29          1893        
2441        超豐        38.7000     38.7000     37.9500     37.7500     41.5000     34.0000     38.3500     61          1198        
2449        京元電子    32.7000     32.8000     30.8000     32.1000     35.3000     28.9000     31.0000     691         16555       
2451        創見        70.6000     70.8000     68.3000     69.5000     76.4000     62.6000     68.3000     39          851         
2454        聯發科      359.5000    359.5000    336.5000    343.5000    377.5000    309.5000    340.0000    723         13185       
2458        義隆        83.8000     85.7000     82.3000     81.8000     89.9000     73.7000     82.4000     291         12829       
2481        強茂        18.6000     18.8000     17.8000     18.2000     20.0000     16.4000     17.9500     71          2958        
3006        晶豪科      28.6000     28.7500     27.6000     27.6000     30.3500     24.8500     27.6500     65          3145        
3014        聯陽        39.8500     40.2500     39.1000     39.0000     42.9000     35.1000     39.1000     44          2308        
3016        嘉晶        49.2000     49.4500     47.0500     48.1500     52.9000     43.3500     47.1000     321         5883        
3034        聯詠        173.5000    175.5000    171.0000    171.0000    188.0000    154.0000    172.0000    267         6016        
3035        智原        37.9000     37.9000     36.0000     36.5000     40.1500     32.8500     36.2000     57          3134        
3041        揚智        13.1000     13.1000     12.2000     12.5000     13.7500     11.2500     12.2500     72          2341        
3054        立萬利      24.6500     24.8000     23.5000     24.3000     26.7000     21.9000     24.7000     6           61          
3094        聯傑        15.6000     15.7500     15.1000     15.4500     16.9500     13.9500     15.3500     33          446         
3189        景碩        38.1000     38.8000     36.7500     36.5000     40.1500     32.8500     36.7500     211         9414        
3257        虹冠電      47.9500     47.9500     46.7000     47.8000     52.5000     43.0500     46.7000     3           41          
3413        京鼎        122.5000    124.0000    114.0000    118.0000    129.5000    106.5000    114.5000    85          2874        
3443        創意        188.0000    190.0000    178.0000    182.5000    200.5000    164.5000    180.0000    72          1606        
3530        晶相光      75.8000     76.7000     71.5000     73.0000     80.3000     65.7000     71.5000     87          2386        
3532        台勝科      133.0000    134.5000    127.0000    131.5000    144.5000    118.5000    127.0000    123         2373        
3536        誠創        3.1700      3.2300      3.1600      2.9400      3.2300      2.6500      3.2300      1           13          
3545        敦泰        28.5000     28.6500     27.1000     27.9500     30.7000     25.2000     27.1000     304         6619        
3583        辛耘        40.0000     40.2000     38.5000     39.0000     42.9000     35.1000     38.5500     9           328         
3588        通嘉        23.9000     24.2500     23.1500     23.6000     25.9500     21.2500     23.3000     6           182         
3661        世芯-KY     204.0000    206.5000    192.0000    197.5000    217.0000    178.0000    196.5000    388         8264        
3686        達能        2.9400      2.9900      2.8300      2.8600      3.1400      2.5800      2.9300      75          569         
3711        日月光投控  61.1000     61.9000     59.2000     59.8000     65.7000     53.9000     59.8000     874         12538       
4919        新唐        31.6500     32.0000     30.6000     30.8000     33.8500     27.7500     30.7500     21          1406        
4952        凌通        26.5500     26.5500     26.0500     25.9000     28.4500     23.3500     26.0500     10          245         
4961        天鈺        24.5000     24.6000     23.3500     22.9500     25.2000     20.7000     23.3500     11          1096        
4967        十銓        34.7500     34.7500     34.1000     31.6000     34.7500     28.4500     34.7500     13          6591        
4968        立積        123.5000    126.0000    113.0000    119.0000    130.5000    107.5000    113.5000    232         4641        
5269        祥碩        755.0000    812.0000    754.0000    743.0000    817.0000    669.0000    780.0000    116         2914        
5285        界霖        38.6000     39.2500     37.9500     37.7000     41.4500     33.9500     38.0000     5           332         
5305        敦南        39.5500     39.9000     39.4500     39.5000     43.4500     35.5500     39.8000     6           594         
5471        松翰        36.9000     37.4000     35.8000     35.0000     38.5000     31.5000     36.0000     349         8117        
6202        盛群        61.1000     61.6000     59.1000     60.3000     66.3000     54.3000     59.4000     37          1284        
6239        力成        88.9000     89.0000     83.2000     83.2000     91.5000     74.9000     83.6000     507         7876        
6243        迅杰        5.8500      6.1000      5.8500      5.8500      6.4300      5.2700      5.8600      6           158         
6257        矽格        31.8000     31.8500     30.6500     31.0000     34.1000     27.9000     30.6500     221         3855        
6271        同欣電      112.0000    118.0000    110.5000    108.5000    119.0000    97.7000     111.0000    205         7451        
6415        矽力-KY     1015.0000   1020.0000   968.0000    994.0000    1090.0000   895.0000    1005.0000   78          999         
6451        訊芯-KY     92.5000     93.4000     86.1000     89.9000     98.8000     81.0000     86.9000     103         3721        
6525        捷敏-KY     47.4500     48.4500     47.3000     46.0000     50.6000     41.4000     47.5500     37          697         
6531        愛普        95.0000     98.3000     86.8000     95.5000     105.0000    86.0000     87.5000     218         8326        
6533        晶心科      83.5000     85.5000     80.7000     81.5000     89.6000     73.4000     81.8000     18          646         
6552        易華電      48.5500     48.9500     45.8000     46.4000     51.0000     41.8000     45.8500     32          1325        
6573        虹揚-KY     14.0000     14.7000     13.9500     13.7000     15.0500     12.3500     13.9500     1           50          
8016        矽創        120.0000    122.0000    115.5000    114.5000    125.5000    103.5000    117.5000    174         4521        
8028        昇陽半導體  45.4500     46.2500     43.1000     44.2500     48.6500     39.8500     43.5000     64          2363        
8081        致新        104.0000    104.5000    99.7000     101.5000    111.5000    91.4000     100.0000    25          1472        
8110        華東        7.9900      8.1200      7.8200      7.8200      8.6000      7.0400      7.9400      28          1413        
8131        福懋科      32.8000     33.0000     31.9500     31.8000     34.9500     28.6500     32.0000     24          889         
8150        南茂        27.1500     27.2500     26.1500     26.6000     29.2500     23.9500     26.1500     310         6692        
8261        富鼎        18.3000     18.5000     17.5500     17.7000     19.4500     15.9500     17.9500     8           395         
8271        宇瞻        37.8500     38.3500     35.8000     36.6500     40.3000     33.0000     35.8000     117         2908        
2301        光寶科      41.5500     41.6500     40.7500     40.8500     44.9000     36.8000     40.9500     798         6709        
2305        全友        4.1700      4.2800      4.1000      4.2000      4.6200      3.7800      4.1500      18          397         
2324        仁寶        17.5000     17.6000     17.2500     17.2000     18.9000     15.5000     17.4000     2317        13062       
2331        精英        8.4100      8.8000      8.2100      8.2000      9.0200      7.3800      8.3000      31          648         
2352        佳世達      15.2000     15.3500     15.1000     14.8500     16.3000     13.4000     15.1000     269         6586        
2353        宏        15.5500     15.7000     14.7500     14.9500     16.4000     13.5000     14.7500     1735        31924       
2356        英業達      22.1000     22.3500     21.6000     21.6000     23.7500     19.4500     21.7500     894         7578        
2357        華碩        190.5000    195.0000    188.0000    186.0000    204.5000    167.5000    192.0000    412         3910        
2362        藍天        28.9000     29.0000     27.9500     28.4000     31.2000     25.6000     28.2000     105         734         
2364        倫飛        1.8000      1.9000      1.8000      1.8500      2.0300      1.6700      1.8900      61          295         
2365        昆盈        6.9600      7.1000      6.8500      6.8000      7.4800      6.1200      6.9900      172         660         
2376        技嘉        45.6000     47.8000     45.3000     44.2000     48.6000     39.8000     46.8500     280         12220       
2377        微星        87.0000     88.0000     83.2000     83.7000     92.0000     75.4000     84.1000     230         4378        
2380        虹光        3.0500      3.1100      3.0300      3.0100      3.3100      2.7100      3.1100      40          123         
2382        廣達        61.2000     61.5000     59.3000     60.1000     66.1000     54.1000     60.2000     764         7421        
2387        精元        25.0000     25.2000     23.7000     24.5000     26.9500     22.0500     24.0000     112         3961        
2395        研華        269.5000    271.0000    249.5000    257.0000    282.5000    231.5000    252.0000    137         1286        
2397        友通        62.9000     63.4000     61.5000     62.0000     68.2000     55.8000     61.5000     12          130         
2399        映泰        8.4500      8.4500      7.8200      7.9400      8.7300      7.1500      7.9200      17          919         
2405        浩鑫        7.1800      7.3100      7.1000      7.1100      7.8200      6.4000      7.1000      72          1293        
2417        圓剛        9.7800      9.9500      9.5000      9.5100      10.4500     8.5600      9.5000      56          2361        
2424        隴華        20.9000     20.9000     20.9000     20.9500     23.0000     18.9000     -           -           1           
2425        承啟        27.3500     27.4500     26.3000     27.0000     29.7000     24.3000     26.7000     9           267         
2442        新美齊      6.7500      6.7500      6.3900      6.5400      7.1900      5.8900      6.4500      68          1523        
2465        麗臺        6.3700      6.6300      6.3500      6.2500      6.8700      5.6300      -           -           322         
3002        歐格        9.7800      10.0500     9.7800      9.7900      10.7500     8.8200      -           -           151         
3005        神基        43.0000     43.7500     41.9000     42.7500     47.0000     38.5000     42.0000     135         5255        
3013        晟銘電      11.4000     11.4000     11.0500     11.2000     12.3000     10.1000     11.1000     9           106         
3017        奇鋐        30.7500     30.8000     29.0000     30.1000     33.1000     27.1000     29.0000     763         8928        
3022        威強電      32.1500     32.1500     30.2500     31.3000     34.4000     28.2000     30.7000     18          395         
3046        建        7.1800      7.7500      7.1800      7.2500      7.9700      6.5300      7.1800      3           32          
3057        喬鼎        4.0000      4.0300      3.9300      3.9300      4.3200      3.5400      3.9900      24          528         
3060        銘異        11.4000     11.4500     10.7500     11.1000     12.2000     9.9900      10.9000     25          1117        
3231        緯創        24.2500     24.4500     23.7000     24.0000     26.4000     21.6000     23.7500     1757        25269       
3416        融程電      50.0000     50.9000     49.9000     50.0000     55.0000     45.0000     50.5000     2           101         
3494        誠研        3.2100      3.2900      3.1800      3.2900      3.6100      2.9700      3.2100      2           209         
3515        華擎        100.0000    101.0000    93.7000     97.6000     107.0000    87.9000     94.2000     55          2186        
3701        大眾控      11.7500     11.7500     11.7500     11.8000     12.9500     10.6500     -           -           1           
3706        神達        27.7500     27.7500     26.8000     26.8500     29.5000     24.2000     26.8500     272         11759       
3712        永崴投控    11.2000     11.5000     11.0000     11.1000     12.2000     9.9900      11.0500     5           392         
4916        事欣科      24.2000     24.5000     23.4500     23.6000     25.9500     21.2500     23.7000     20          441         
4938        和碩        60.6000     60.6000     59.5000     55.1000     60.6000     49.6000     60.1000     808         24372       
5215        科嘉-KY     58.5000     60.0000     54.8000     56.7000     62.3000     51.1000     54.8000     76          1257        
5258        虹堡        19.7000     19.7000     19.7000     17.9500     19.7000     16.2000     19.7000     1           354         
5264        鎧勝-KY     37.8500     37.9500     36.2000     36.7500     40.4000     33.1000     36.2500     105         2536        
6117        迎廣        11.2000     12.3000     11.2000     11.2000     12.3000     10.1000     -           -           49          
6128        上福        28.9000     28.9000     27.8000     28.3000     31.1000     25.5000     28.0000     4           183         
6166        凌華        65.8000     68.7000     65.7000     65.2000     71.7000     58.7000     67.5000     87          1525        
6172        互億        20.9000     20.9000     20.2500     20.9000     22.9500     18.8500     20.5500     37          223         
6206        飛捷        61.5000     62.6000     60.6000     61.3000     67.4000     55.2000     60.7000     2           359         
6230        超眾        233.5000    234.0000    214.0000    228.5000    251.0000    206.0000    216.5000    93          2192        
6235        華孚        7.8800      8.3400      7.8800      7.5900      8.3400      6.8400      8.3400      24          795         
6277        宏正        78.0000     79.0000     78.0000     77.5000     85.2000     69.8000     78.8000     75          212         
6414        樺漢        157.0000    157.0000    148.0000    149.0000    163.5000    134.5000    148.5000    53          1158        
6579        研揚        59.3000     60.1000     59.0000     58.8000     64.6000     53.0000     59.3000     2           46          
6591        動力-KY     33.7500     34.9500     32.7500     33.1500     36.4500     29.8500     33.0000     8           699         
6669        緯穎        704.0000    714.0000    670.0000    697.0000    766.0000    628.0000    677.0000    84          1998        
8114        振樺電      73.3000     74.1000     71.8000     72.0000     79.2000     64.8000     71.8000     2           178         
8163        達方        30.3500     30.6000     29.5000     29.8000     32.7500     26.8500     29.5500     74          1957        
8210        勤誠        77.4000     77.9000     74.0000     75.5000     83.0000     68.0000     74.4000     33          1211        
9912        偉聯        5.7700      5.7900      5.6800      5.7000      6.2700      5.1300      -           -           31          
2323        中環        6.7200      6.7700      6.5100      6.5800      7.2300      5.9300      6.5300      388         10946       
2340        光磊        18.0500     18.2500     17.5500     17.9500     19.7000     16.2000     17.7000     72          2740        
2349        錸德        4.2200      4.2700      4.1400      4.1700      4.5800      3.7600      4.1500      122         3021        
2374        佳能        10.5500     10.5500     10.3500     10.3000     11.3000     9.2700      10.4000     10          246         
2393        億光        25.2000     26.4000     24.2000     24.6000     27.0500     22.1500     24.2000     238         4470        
2406        國碩        9.3000      9.3400      8.5600      8.9000      9.7900      8.0100      8.6800      106         2420        
2409        友達        6.8000      6.8600      6.7100      6.5500      7.2000      5.9000      6.7700      4074        112798      
2426        鼎元        9.5200      9.6500      9.3300      9.1700      10.0500     8.2600      9.3500      15          846         
2438        翔耀        5.5900      5.6000      5.5900      5.6900      6.2500      5.1300      -           -           7           
2448        晶電        27.5500     27.7500     26.3000     27.0000     29.7000     24.3000     26.3000     551         13973       
2466        冠西電      31.7500     32.1000     31.6000     31.7500     34.9000     28.6000     32.1000     1           80          
2486        一詮        6.1200      6.2500      5.8600      5.9000      6.4900      5.3100      5.9700      1           775         
2489        瑞軒        6.8000      6.8400      6.7000      6.6900      7.3500      6.0300      6.7000      106         1893        
2491        吉祥全      7.2100      7.3000      7.0700      7.7800      8.5500      7.0100      7.3000      3           106         
2499        東貝        6.0000      6.2100      5.8500      5.9800      6.5700      5.3900      5.8500      67          2543        
3008        大立光      4100.0000   4170.0000   3870.0000   3995.0000   4390.0000   3600.0000   3870.0000   97          887         
3019        亞光        63.3000     64.1000     61.0000     61.8000     67.9000     55.7000     61.0000     170         3877        
3024        憶聲        6.5000      6.5500      6.3600      6.4300      7.0700      5.7900      6.3600      20          515         
3031        佰鴻        12.8500     12.9500     12.3000     12.6000     13.8500     11.3500     12.5500     27          1215        
3038        全台        16.1500     16.5500     15.3000     16.0000     17.6000     14.4000     15.5000     112         4431        
3049        和鑫        9.5800      9.6300      9.2100      9.3600      10.2500     8.4300      9.2100      235         7063        
3050        鈺德        9.1000      9.3500      8.9100      9.1000      10.0000     8.1900      8.9100      9           415         
3051        力特        2.8800      2.8800      2.6800      2.9000      3.1900      2.6100      2.7300      20          312         
3059        華晶科      17.9000     18.0000     17.3000     17.6000     19.3500     15.8500     17.3500     18          869         
3149        正達        5.0600      5.0900      4.9900      4.9700      5.4600      4.4800      -           -           407         
3356        奇偶        19.2000     19.3000     18.4000     18.8000     20.6500     16.9500     18.5500     24          519         
3383        新世紀      4.0900      4.2000      4.0300      4.0900      4.4900      3.6900      -           -           80          
3406        玉晶光      429.5000    432.0000    402.5000    419.5000    461.0000    378.0000    410.0000    943         17654       
3437        榮創        11.8500     11.9000     11.2500     11.5000     12.6500     10.3500     11.3000     59          762         
3454        晶睿        63.8000     64.0000     61.1000     62.4000     68.6000     56.2000     61.7000     9           270         
3481        群創        5.4400      5.5900      5.4000      5.2800      5.8000      4.7600      5.4400      5183        153327      
3504        揚明光      44.3500     44.8500     43.6000     43.0000     47.3000     38.7000     43.6000     18          489         
3535        晶彩科      12.6000     12.8500     12.1000     12.5500     13.8000     11.3000     12.1000     81          1080        
3557        嘉威        41.6000     41.6000     41.6000     37.8500     41.6000     34.1000     41.6000     1           145         
3563        牧德        250.0000    261.0000    241.0000    237.0000    261.0000    213.5000    261.0000    90          3735        
3576        聯合再生    5.3000      5.3000      5.0200      5.1400      5.6500      4.6300      5.0400      141         10882       
3591        艾笛森      8.6600      8.7000      8.6000      8.6600      9.5200      7.8000      8.6800      4           214         
3622        洋華        17.8000     17.8500     17.3000     17.5500     19.3000     15.8000     17.4000     8           316         
3669        圓展        22.5000     23.4500     22.2000     21.6500     23.8000     19.5000     22.7500     147         3312        
3673        TPK-KY      36.2500     36.6000     34.8000     35.6500     39.2000     32.1000     34.8000     211         3921        
3698        隆達        11.8000     11.9500     11.4000     11.6500     12.8000     10.5000     11.4500     14          1052        
4934        太極        12.1000     12.4500     11.6000     12.1000     13.3000     10.9000     11.6500     67          4437        
4935        茂林-KY     107.0000    111.0000    103.5000    105.0000    115.5000    94.5000     105.5000    343         9633        
4942        嘉彰        28.6500     29.1000     28.1000     28.0500     30.8500     25.2500     28.1000     30          834         
4956        光鋐        8.6000      8.8500      8.4300      8.5100      9.3600      7.6600      8.4500      2           323         
4960        誠美材      4.2000      4.3400      4.2000      4.2500      4.6700      3.8300      4.2000      147         699         
4976        佳凌        15.9000     16.5000     15.3500     15.9500     17.5000     14.4000     15.8000     21          923         
5234        達興材料    70.5000     71.8000     69.4000     69.5000     76.4000     62.6000     69.4000     14          697         
5243        乙盛-KY     27.0000     27.0000     25.8000     26.2500     28.8500     23.6500     25.9000     5           766         
5484        慧友        6.8000      7.4500      6.8000      6.8000      7.4800      6.1200      -           -           58          
6116        彩晶        5.4000      5.4900      5.2800      5.2600      5.7800      4.7400      5.3100      770         20844       
6120        達運        9.1400      9.4700      8.9500      8.8900      9.7700      8.0100      9.2500      29          2404        
6131        鈞泰        3.0500      3.0500      3.0500      3.2000      3.5200      2.8800      -           -           30          
6164        華興        4.9000      5.0000      4.7900      4.8900      5.3700      4.4100      4.8500      51          291         
6168        宏齊        10.5000     10.8500     10.0500     10.5000     11.5500     9.4500      10.0500     10          542         
6176        瑞儀        83.0000     85.2000     80.2000     80.2000     88.2000     72.2000     80.2000     275         9387        
6209        今國光      18.0000     18.5000     17.4000     17.6000     19.3500     15.8500     17.6000     29          682         
6225        天瀚        1.5800      1.6700      1.5700      1.5200      1.6700      1.3700      1.6700      2           33          
6226        光鼎        6.4400      6.6000      6.4000      6.4100      7.0500      5.7700      6.4300      153         1398        
6278        台表科      72.3000     76.5000     69.0000     71.0000     78.1000     63.9000     69.2000     628         19652       
6289        華上        1.5400      1.5400      1.5400      1.5500      1.7000      1.4000      -           -           2           
6405        悅城        10.6500     10.7500     10.5000     10.5000     11.5500     9.4500      -           -           50          
6431        光麗-KY     19.2000     19.2000     18.5000     18.2000     20.0000     16.4000     -           -           9           
6443        元晶        5.3000      5.4400      5.1100      5.0900      5.5900      4.5900      5.1500      59          3531        
6456        GIS-KY      80.0000     81.5000     78.3000     78.3000     86.1000     70.5000     78.3000     133         4146        
6477        安集        17.7500     17.8500     17.5500     17.4000     19.1000     15.7000     17.6000     6           380         
6668        中揚光      51.6000     51.8000     49.2500     49.1500     54.0000     44.2500     49.3000     68          1093        
6706        惠特        70.5000     70.7000     66.4000     67.8000     74.5000     61.1000     66.4000     24          1207        
8104        錸寶        30.0000     30.0000     28.7000     29.0000     31.9000     26.1000     28.7000     1           104         
8105        凌巨        8.2100      8.4200      8.0600      8.0600      8.8600      7.2600      8.0600      39          1912        
8215        明基材      14.3500     14.5000     13.7500     14.0000     15.4000     12.6000     13.7500     76          1934        
2314        台揚        15.6500     15.9000     15.0000     15.2500     16.7500     13.7500     15.1500     21          1162        
2321        東訊        1.1700      1.1800      1.1000      1.1800      1.2900      1.0700      1.1600      4           82          
2332        友訊        10.5500     10.7500     10.2500     10.5000     11.5500     9.4500      10.3000     147         3509        
2345        智邦        158.0000    161.0000    155.0000    155.0000    170.5000    139.5000    156.5000    410         8187        
2412        中華電      108.0000    108.0000    107.0000    107.5000    118.0000    96.8000     107.5000    1421        7258        
2419        仲琦        16.9000     17.0500     16.5500     16.5500     18.2000     14.9000     16.6500     11          699         
2439        美律        124.5000    126.5000    121.5000    122.5000    134.5000    110.5000    121.5000    141         2834        
2444        兆勁        13.8000     14.7000     13.6500     13.4500     14.7500     12.1500     14.3500     47          803         
2450        神腦        26.2500     26.6500     26.0500     26.2500     28.8500     23.6500     26.2500     2           132         
2455        全新        82.0000     82.5000     77.2000     79.0000     86.9000     71.1000     77.5000     94          3844        
2485        兆赫        13.3000     13.5500     12.8000     13.0500     14.3500     11.7500     12.9500     14          782         
2498        宏達電      29.4500     29.5500     27.9500     28.8500     31.7000     26.0000     27.9500     910         8045        
3025        星通        15.1000     15.1000     14.5000     14.3000     15.7000     12.9000     14.5500     5           134         
3027        盛達        5.5000      5.5200      5.4000      5.3500      5.8800      4.8200      5.4300      1           164         
3045        台灣大      102.0000    102.0000    100.5000    100.5000    110.5000    90.5000     101.5000    713         8278        
3047        訊舟        6.7000      6.7300      6.5500      6.5100      7.1600      5.8600      6.5700      33          1604        
3062        建漢        12.4000     12.5500     11.9000     12.2000     13.4000     11.0000     11.9500     37          1242        
3311        閎暉        19.3000     19.3500     18.9500     19.0000     20.9000     17.1000     18.9500     1           49          
3380        明泰        16.4000     16.5500     15.8000     16.0500     17.6500     14.4500     15.9000     112         3331        
3419        譁裕        10.4000     10.5500     10.0500     10.1500     11.1500     9.1400      10.0500     6           433         
3596        智易        68.4000     69.0000     65.8000     67.1000     73.8000     60.4000     65.9000     125         3717        
3682        亞太電      5.8700      5.9700      5.7100      5.7500      6.3200      5.1800      5.7400      117         7383        
3694        海華        12.7000     12.8000     12.1500     12.2500     13.4500     11.0500     12.2000     3           174         
3704        合勤控      12.8000     12.9500     12.1000     12.5000     13.7500     11.2500     12.1000     76          1719        
4904        遠傳        64.9000     65.0000     63.6000     64.3000     70.7000     57.9000     64.9000     697         3614        
4906        正文        18.6000     18.7000     18.0000     18.2500     20.0500     16.4500     18.0000     109         2131        
4977        眾達-KY     85.1000     86.5000     81.7000     83.3000     91.6000     75.0000     81.8000     89          2450        
5388        中磊        63.1000     64.0000     62.3000     62.8000     69.0000     56.6000     62.5000     40          1593        
6136        富爾特      16.8500     17.1000     16.7000     16.8000     18.4500     15.1500     16.9000     10          328         
6142        友勁        5.2800      5.3200      5.1600      5.2300      5.7500      4.7100      5.2300      12          245         
6152        百一        4.5500      4.6500      4.4500      4.4500      4.8900      4.0100      4.4600      32          227         
6216        居易        24.4500     24.5500     23.6000     23.4500     25.7500     21.1500     23.6500     4           120         
6285        啟        52.4000     53.0000     50.8000     51.5000     56.6000     46.3500     51.3000     67          2400        
6416        瑞祺電通    120.0000    122.5000    112.0000    116.5000    128.0000    105.0000    112.0000    144         6695        
6442        光聖        31.5000     31.5500     31.1500     31.3500     34.4500     28.2500     31.1500     3           14          
6674        鋐寶科技    19.0000     19.2000     18.1000     18.8000     20.6500     16.9500     -           -           89          
8011        台通        11.2500     11.4500     10.7500     11.1500     12.2500     10.0500     10.9500     5           337         
8101        華冠        4.2500      4.3600      4.1100      4.2700      4.6900      3.8500      -           -           495         
1471        首利        1.5400      1.5500      1.4700      1.6100      1.7700      1.4500      1.5500      2           56          
1582        信錦        67.0000     67.4000     64.2000     65.2000     71.7000     58.7000     64.8000     43          869         
2059        川湖        293.0000    294.5000    289.0000    287.5000    316.0000    259.0000    291.0000    24          557         
2308        台達電      123.0000    124.0000    117.0000    120.0000    132.0000    108.0000    118.0000    631         6639        
2313        華通        32.5000     32.8500     30.8000     31.3000     34.4000     28.2000     30.8000     1443        50447       
2316        楠梓電      24.9500     25.3000     23.4500     24.4500     26.8500     22.0500     23.4500     245         4219        
2327        國巨        303.5000    305.0000    280.5000    291.5000    320.5000    262.5000    280.5000    718         14482       
2328        廣宇        16.4000     16.6000     16.1000     16.1000     17.7000     14.5000     16.1500     68          2361        
2355        敬鵬        20.9000     21.3000     20.5000     20.4000     22.4000     18.4000     20.8000     33          1862        
2367        燿華        19.9500     20.1000     18.5500     18.9000     20.7500     17.0500     18.5500     875         20607       
2368        金像電      21.7000     23.1000     21.6500     21.0000     23.1000     18.9000     23.1000     87          103679      
2375        凱美        30.3000     31.8000     29.6000     29.5000     32.4500     26.5500     29.6500     88          4920        
2383        台光電      109.0000    110.5000    105.0000    106.5000    117.0000    95.9000     105.5000    138         4149        
2385        群光        75.8000     77.4000     75.8000     74.6000     82.0000     67.2000     76.6000     407         4692        
2392        正崴        29.8000     29.9000     28.4500     28.7000     31.5500     25.8500     28.9000     95          4234        
2402        毅嘉        10.7500     11.2000     10.7000     10.5500     11.6000     9.5000      10.8000     19          2148        
2413        環科        9.7000      9.9900      9.6000      9.6200      10.5500     8.6600      9.6000      4           246         
2415        錩新        11.6500     11.8500     11.5000     11.5000     12.6500     10.3500     11.5000     1           244         
2420        新巨        29.3000     29.5000     28.8000     28.8500     31.7000     26.0000     28.8500     6           339         
2421        建準        30.6000     32.4000     30.3500     29.9000     32.8500     26.9500     30.4500     69          3687        
2428        興勤        74.8000     75.9000     73.0000     73.0000     80.3000     65.7000     73.1000     25          814         
2429        銘旺科      17.9500     18.5000     17.6500     17.6000     19.3500     15.8500     18.5000     12          233         
2431        聯昌        6.8700      6.9300      6.6800      6.6700      7.3300      6.0100      6.7500      3           292         
2440        太空梭      7.1000      7.4000      7.1000      7.4000      8.1400      6.6600      7.4000      3           10          
2456        奇力新      83.0000     84.5000     79.1000     80.6000     88.6000     72.6000     79.1000     198         6266        
2457        飛宏        5.9000      6.0000      5.7500      5.8000      6.3800      5.2200      5.8200      8           838         
2460        建通        6.7600      6.8800      6.7500      6.7300      7.4000      6.0600      6.7500      1           80          
2462        良得電      24.4500     24.6000     24.2000     24.4500     26.8500     22.0500     24.5000     3           71          
2467        志聖        25.5500     25.7000     25.1000     25.1500     27.6500     22.6500     25.1500     16          452         
2472        立隆電      28.2000     28.5500     27.4000     27.7000     30.4500     24.9500     27.4500     9           412         
2476        鉅祥        19.0000     19.0500     18.3000     18.7500     20.6000     16.9000     18.5500     10          339         
2478        大毅        55.8000     56.3000     52.3000     54.2000     59.6000     48.8000     52.6000     277         7256        
2483        百容        16.3000     16.4000     16.1000     16.1500     17.7500     14.5500     16.2000     1           105         
2484        希華        15.8000     16.0000     15.6000     15.6000     17.1500     14.0500     15.6000     7           562         
2492        華新科      170.0000    171.0000    160.0000    164.5000    180.5000    148.5000    160.5000    937         17436       
2493        揚博        26.8000     27.1000     26.3000     26.8000     29.4500     24.1500     26.4000     48          958         
3003        健和興      29.6000     30.5000     29.5500     29.5000     32.4500     26.5500     29.7500     39          1279        
3011        今皓        4.4800      4.8100      4.3800      4.4900      4.9300      4.0500      4.5000      6           102         
3015        全漢        18.3000     18.5000     18.3000     18.2000     20.0000     16.4000     18.4500     32          339         
3021        鴻名        11.2000     11.2500     11.1500     11.1500     12.2500     10.0500     11.2000     1           175         
3023        信邦        120.5000    122.0000    116.5000    116.0000    127.5000    104.5000    117.0000    43          1620        
3026        禾伸堂      92.0000     92.0000     88.0000     88.9000     97.7000     80.1000     88.0000     173         3157        
3032        偉訓        24.5000     24.5500     23.4500     23.3000     25.6000     21.0000     23.5500     6           331         
3037        欣興        31.9000     32.2000     30.2500     31.0000     34.1000     27.9000     30.2500     1386        48848       
3042        晶技        43.6500     44.0000     41.6000     42.7500     47.0000     38.5000     41.6500     207         7018        
3044        健鼎        101.0000    102.5000    97.0000     99.5000     109.0000    89.6000     97.0000     228         4389        
3058        立德        5.2000      5.2500      4.9800      4.9100      5.4000      4.4200      5.0500      35          482         
3090        日電貿      41.4500     41.4500     41.4500     37.7000     41.4500     33.9500     41.4500     24          2235        
3229        晟鈦        9.3500      9.3500      8.8700      9.2000      10.1000     8.2800      8.9500      3           102         
3296        勝德        13.2000     13.2000     12.9000     12.9500     14.2000     11.7000     -           -           74          
3308        聯德        4.1500      4.2500      4.1500      4.1400      4.5500      3.7300      4.1900      1           12          
3321        同泰        5.5000      5.6500      5.5000      5.5500      6.1000      5.0000      5.6500      15          38          
3338        泰碩        90.0000     90.5000     84.7000     88.0000     96.8000     79.2000     84.7000     267         6760        
3376        新日興      117.0000    123.5000    114.0000    113.0000    124.0000    102.0000    114.0000    208         8916        
3432        台端        9.2000      9.2000      9.0900      9.0900      9.9900      8.1900      -           -           21          
3501        維熹        41.5000     42.1500     40.6500     40.8500     44.9000     36.8000     40.6500     1           329         
3533        嘉澤        275.0000    283.0000    272.0000    270.0000    297.0000    243.0000    272.0000    43          2004        
3550        聯穎        9.9800      10.1000     9.9500      9.8300      10.8000     8.8500      9.9800      2           147         
3593        力銘        7.5200      7.5200      7.4700      7.7600      8.5300      6.9900      7.5100      1           39          
3605        宏致        19.6000     19.7000     18.7000     19.5500     21.5000     17.6000     18.7000     48          1973        
3607        谷崧        9.5700      9.8900      9.3100      9.5000      10.4500     8.5500      9.3500      9           297         
3645        達邁        29.6000     30.7000     29.6000     28.8000     31.6500     25.9500     30.0000     24          1188        
3653        健策        166.5000    174.5000    165.5000    162.0000    178.0000    146.0000    172.5000    468         12533       
3679        新至陞      50.7000     52.3000     49.7500     50.1000     55.1000     45.1000     49.8000     5           82          
4545        銘鈺        22.7000     23.7500     22.7000     22.7000     24.9500     20.4500     23.0500     8           92          
4912        聯德控股-KY 69.4000     71.2000     63.2000     69.3000     76.2000     62.4000     69.0000     20          182         
4915        致伸        39.6000     39.8000     38.6500     38.6500     42.5000     34.8000     38.7000     145         2949        
4927        泰鼎-KY     52.5000     52.8000     48.3500     51.8000     56.9000     46.6500     48.4000     299         10361       
4943        康控-KY     97.9000     101.5000    93.6000     93.5000     102.5000    84.2000     94.5000     143         4583        
4958        臻鼎-KY     93.9000     96.5000     92.7000     90.9000     99.9000     81.9000     93.0000     492         10460       
4989        榮科        14.2000     14.3000     13.6000     13.8000     15.1500     12.4500     -           -           143         
4999        鑫禾        30.2500     31.6000     30.2500     29.5000     32.4500     26.5500     31.0500     2           193         
5469        瀚宇博      33.7500     34.1000     32.2000     32.9000     36.1500     29.6500     32.5000     282         7563        
6108        競國        19.6000     19.7500     19.0000     19.2500     21.1500     17.3500     19.4000     13          839         
6115        鎰勝        39.8500     40.0000     39.2000     39.0500     42.9500     35.1500     39.5500     10          109         
6133        金橋        6.5900      6.5900      6.2700      6.3500      6.9800      5.7200      6.3500      1           47          
6141        柏承        14.8000     15.2500     14.4500     14.7500     16.2000     13.3000     14.8000     84          2378        
6153        嘉聯益      24.1500     24.5000     23.0000     23.6000     25.9500     21.2500     23.1500     232         6539        
6155        鈞寶        18.8500     19.0000     17.9500     18.3000     20.1000     16.5000     17.9500     13          349         
6165        捷泰        20.0500     20.3500     18.8000     19.6000     21.5500     17.6500     -           -           467         
6191        精成科      12.2500     12.4500     11.9000     12.2500     13.4500     11.0500     12.0000     200         4910        
6197        佳必琪      27.0000     27.4000     26.6000     26.3500     28.9500     23.7500     26.8000     21          1261        
6205        詮欣        19.7500     19.7500     19.2000     19.2500     21.1500     17.3500     -           -           115         
6213        聯茂        133.5000    136.5000    129.0000    130.0000    143.0000    117.0000    130.0000    342         7152        
6224        聚鼎        54.7000     55.1000     54.2000     54.1000     59.5000     48.7000     54.5000     6           343         
6251        定穎        14.4000     15.2500     14.1000     13.9500     15.3000     12.6000     14.6500     411         14126       
6269        台郡        99.0000     99.7000     95.5000     96.5000     106.0000    86.9000     95.5000     212         5753        
6282        康舒        18.5500     19.1000     18.1000     17.7000     19.4500     15.9500     18.2000     189         8110        
6412        群電        49.7500     50.7000     48.9000     48.0000     52.8000     43.2000     50.0000     42          973         
6449        鈺邦        23.2500     23.6500     22.9000     22.9000     25.1500     20.6500     23.0500     6           230         
6672        騰輝電子-KY 76.7000     77.3000     74.7000     75.3000     82.8000     67.8000     74.7000     32          692         
6715        嘉基        75.0000     75.5000     71.8000     73.5000     80.8000     66.2000     -           -           198         
8039        台虹        43.3500     43.7000     41.5000     42.4500     46.6500     38.2500     41.5500     51          2003        
8046        南電        49.1500     51.7000     48.2500     47.0000     51.7000     42.3000     50.4000     439         25749       
8103        瀚荃        19.6500     19.7500     19.0000     19.3000     21.2000     17.4000     19.0000     2           220         
8213        志超        29.3000     29.5500     28.7500     28.9000     31.7500     26.0500     28.8000     27          3439        
8249        菱光        17.1000     17.3000     17.0000     16.9000     18.5500     15.2500     17.0000     9           145         
2347        聯強        37.1000     37.9500     36.2000     37.0000     40.7000     33.3000     36.6000     488         4881        
2414        精技        20.7000     20.9000     20.5000     20.4000     22.4000     18.4000     20.7000     1           296         
2430        燦坤        13.6000     13.9500     13.6000     13.5000     14.8500     12.1500     13.8000     1           86          
2459        敦吉        37.3000     37.5000     36.9500     37.0000     40.7000     33.3000     37.0500     6           194         
3010        華立        48.1500     48.3000     47.6500     47.5500     52.3000     42.8000     47.7500     19          485         
3028        增你強      17.6000     17.6000     17.0000     17.4000     19.1000     15.7000     17.5000     50          544         
3033        威健        13.5000     13.8000     13.1500     13.2000     14.5000     11.9000     13.2000     20          1991        
3036        文曄        34.6500     34.9000     34.0000     34.3000     37.7000     30.9000     34.2500     87          1451        
3048        益登        14.8000     14.8000     14.2000     14.5000     15.9500     13.0500     14.2000     28          1330        
3055        蔚華科      27.0000     27.4000     26.0000     26.7000     29.3500     24.0500     -           -           105         
3209        全科        17.2000     17.5000     17.1000     17.1500     18.8500     15.4500     17.1500     5           468         
3312        弘憶股      13.1500     13.3500     13.0500     12.2500     13.4500     11.0500     13.2000     11          1660        
3528        安馳        35.2000     36.5500     35.0000     34.9000     38.3500     31.4500     35.6500     2           64          
3702        大聯大      36.1000     36.3000     35.1500     35.8000     39.3500     32.2500     35.3500     394         2755        
3702A       大聯大甲特  46.7500     47.0000     46.6000     46.6000     51.2000     41.9500     46.6000     52          293         
5434        崇越        89.2000     89.2000     86.6000     86.8000     95.4000     78.2000     88.0000     41          1909        
6189        豐藝        29.6500     29.8500     29.2500     29.3000     32.2000     26.4000     29.2500     11          405         
6281        全國電      63.4000     63.5000     63.0000     63.0000     69.3000     56.7000     63.1000     1           57          
8070        長華        142.0000    144.5000    139.5000    142.0000    156.0000    128.0000    139.5000    2           258         
8072        陞泰        20.1000     20.1500     20.0000     20.0500     22.0500     18.0500     20.0500     2           64          
8112        至上        30.0000     30.2500     29.4000     29.6000     32.5500     26.6500     29.4000     170         4158        
2427        三商電      9.8600      9.8600      9.4100      9.5100      10.4500     8.5600      9.6400      35          239         
2453        凌群        13.7000     13.8500     13.5500     13.7500     15.1000     12.4000     13.7500     35          1120        
2468        華經        12.6500     12.7000     12.2000     12.3000     13.5000     11.1000     12.3000     9           147         
2471        資通        17.9000     17.9500     17.5000     17.6000     19.3500     15.8500     17.8000     7           385         
2480        敦陽科      53.2000     53.4000     51.6000     52.2000     57.4000     47.0000     51.8000     13          866         
3029        零壹        28.5000     29.0000     27.8000     28.0500     30.8500     25.2500     28.1000     82          4628        
3130        一零四      140.0000    140.0000    138.0000    137.0000    150.5000    123.5000    138.5000    1           9           
4994        傳奇        46.0000     48.1000     46.0000     45.2000     49.7000     40.7000     46.0000     14          227         
5203        訊連        100.0000    101.0000    96.0000     98.5000     108.0000    88.7000     96.0000     26          776         
6112        聚碩        32.7000     32.9000     32.2000     32.4000     35.6000     29.2000     32.2500     28          656         
6183        關貿        37.8500     38.5500     37.7500     37.8500     41.6000     34.1000     37.8000     5           184         
6214        精誠        73.4000     73.9000     72.4000     72.8000     80.0000     65.6000     73.0000     24          768         
2312        金寶        9.9900      10.1000     9.7800      9.7100      10.6500     8.7400      9.8500      149         6149        
2317        鴻海        71.4000     72.2000     70.0000     71.0000     78.1000     63.9000     70.1000     3714        59584       
2354        鴻準        50.5000     51.0000     49.1000     49.6500     54.6000     44.7000     49.5500     303         2948        
2359        所羅門      16.1000     16.2500     15.8500     15.8500     17.4000     14.3000     15.9000     6           454         
2360        致茂        121.0000    123.0000    119.0000    117.0000    128.5000    105.5000    120.5000    49          2405        
2373        震旦行      85.2000     85.2000     84.0000     84.7000     93.1000     76.3000     84.2000     8           33          
2390        云辰        7.0200      7.5700      7.0100      6.9000      7.5900      6.2100      7.3800      133         4439        
2404        漢唐        164.0000    166.0000    161.0000    161.0000    177.0000    145.0000    161.5000    83          2288        
2423        固緯        21.5000     21.8000     21.1500     21.0000     23.1000     18.9000     21.2500     4           262         
2433        互盛電      48.5000     48.9000     47.9500     47.9000     52.6000     43.1500     -           -           119         
2461        光群雷      13.0000     13.1000     12.7000     12.8000     14.0500     11.5500     12.7000     21          528         
2464        盟立        30.2000     30.7000     30.1000     29.8000     32.7500     26.8500     30.2000     15          922         
2474        可成        196.5000    198.5000    191.0000    196.5000    216.0000    177.0000    191.0000    569         8444        
2477        美隆電      19.6500     20.3000     19.6500     19.6500     21.6000     17.7000     19.9500     11          286         
2482        連宇        9.6300      9.7000      9.5500      9.5100      10.4500     8.5600      9.6200      2           94          
2488        漢平        26.1000     26.4500     25.8000     25.7000     28.2500     23.1500     25.8500     4           254         
2495        普安        10.9500     11.0500     10.6500     10.7500     11.8000     9.6800      10.7500     5           331         
3018        同開        16.0500     16.3000     15.4000     15.7000     17.2500     14.1500     15.6000     3           319         
3030        德律        44.9000     44.9500     44.2000     44.3000     48.7000     39.9000     44.3000     8           646         
3043        科風        1.1900      1.3400      1.1900      1.3200      1.4500      1.1900      1.3200      5           41          
3305        昇貿        18.2500     18.2500     17.8000     18.0500     19.8500     16.2500     17.8500     5           127         
3450        聯鈞        61.4000     61.8000     57.7000     59.6000     65.5000     53.7000     58.2000     118         4673        
3518        柏騰        19.1500     20.0500     18.6000     18.8000     20.6500     16.9500     18.7000     6           478         
3617        碩天        77.5000     78.5000     76.5000     75.2000     82.7000     67.7000     76.9000     8           536         
3665        貿聯-KY     157.5000    160.0000    151.0000    153.0000    168.0000    138.0000    151.0000    120         3728        
5225        東科-KY     23.2000     23.4500     22.4500     22.8500     25.1000     20.6000     22.4500     12          328         
6139        亞翔        22.8000     22.8000     21.8000     21.5500     23.7000     19.4000     21.8500     10          479         
6192        巨路        57.5000     57.9000     55.6000     56.8000     62.4000     51.2000     55.7000     6           268         
6196        帆宣        59.0000     60.5000     55.5000     57.0000     62.7000     51.3000     55.5000     117         2405        
6201        亞弘電      32.3000     32.5000     31.8500     31.4500     34.5500     28.3500     -           -           79          
6215        和椿        11.1000     11.3000     11.0000     11.0000     12.1000     9.9000      11.0500     6           170         
6283        淳安        15.1500     16.3500     15.1500     14.9500     16.4000     13.5000     15.7500     6           361         
6409        旭隼        648.0000    669.0000    648.0000    645.0000    709.0000    581.0000    655.0000    11          127         
6558        興能高      31.0000     33.2000     31.0000     30.2000     33.2000     27.2000     33.2000     11          1436        
6698        旭暉應材    42.3000     43.2500     41.0000     42.3000     46.5000     38.1000     41.5500     9           256         
8021        尖點        17.2000     17.3500     16.8000     17.0500     18.7500     15.3500     16.8000     43          779         
8201        無敵        7.1100      7.1100      6.9400      6.9800      7.6700      6.2900      7.0000      5           25          
1598        岱宇        32.8000     32.9000     32.1500     32.5500     35.8000     29.3000     32.4500     30          391         
1701        中化        19.3000     19.5000     18.7500     18.7000     20.5500     16.8500     18.8500     94          5341        
1707        葡萄王      194.5000    196.5000    189.5000    192.0000    211.0000    173.0000    190.0000    44          1160        
1720        生達        32.8000     36.1000     31.9500     32.8500     36.1000     29.6000     36.1000     334         10727       
1731        美吾華      12.1500     12.2500     11.9000     11.9500     13.1000     10.8000     11.9000     7           500         
1733        五鼎        21.0500     21.1500     20.4000     20.7500     22.8000     18.7000     20.8000     35          526         
1734        杏輝        16.7500     16.8000     16.4500     16.3500     17.9500     14.7500     16.4500     41          806         
1736        喬山        54.3000     56.0000     50.4000     52.4000     57.6000     47.2000     50.8000     107         4586        
1760        寶齡富錦    60.0000     64.6000     59.7000     59.2000     65.1000     53.3000     61.0000     17          1489        
1762        中化生      32.5000     33.8500     31.6000     31.5000     34.6500     28.3500     31.6000     135         2993        
1783        和康生      15.7500     16.1500     15.3000     15.3000     16.8000     13.8000     15.6000     3           321         
1786        科妍        46.6000     47.0000     46.0000     46.3000     50.9000     41.7000     46.1500     5           240         
1789        神隆        26.5000     27.3500     25.3000     25.8000     28.3500     23.2500     25.3500     227         6417        
1795        美時        55.0000     58.7000     53.5000     53.4000     58.7000     48.1000     57.5000     106         4546        
3164        景岳        18.7000     20.0000     18.2000     18.2000     20.0000     16.4000     20.0000     161         304         
3705        永信        42.8500     44.1500     42.6500     42.2500     46.4500     38.0500     42.8000     36          2234        
4104        佳醫        50.9000     50.9000     50.1000     50.4000     55.4000     45.4000     50.1000     2           291         
4106        雃博        22.4500     23.9000     21.9000     22.4500     24.6500     20.2500     22.3500     82          3616        
4108        懷特        11.6000     12.2500     11.6000     11.5500     12.7000     10.4000     11.9500     17          458         
4119        旭富        135.0000    136.0000    130.0000    124.0000    136.0000    112.0000    132.0000    244         9090        
4133        亞諾法      33.4500     34.6000     32.7500     33.4500     36.7500     30.1500     33.2500     75          3554        
4137        麗豐-KY     173.0000    177.5000    168.5000    171.0000    188.0000    154.0000    169.0000    19          912         
4141        龍燈-KY     10.8500     10.9000     10.6000     10.5500     11.6000     9.5000      10.6000     3           101         
4142        國光生      26.6000     26.7000     25.1500     26.2000     28.8000     23.6000     25.4000     482         12674       
4144        康聯-KY     17.7500     18.1500     17.6500     17.4000     19.1000     15.7000     18.0000     18          239         
4148        全宇生技-KY 22.9000     22.9000     21.3000     22.2000     24.4000     20.0000     21.5000     7           132         
4155        訊映        26.3500     26.5000     25.5000     25.9000     28.4500     23.3500     25.5000     13          610         
4164        承業醫      31.9000     32.1000     31.4000     31.2000     34.3000     28.1000     31.5500     8           320         
4190        佐登-KY     71.8000     75.0000     69.5000     70.0000     77.0000     63.0000     69.5000     16          755         
4737        華廣        59.0000     60.1000     56.9000     58.5000     64.3000     52.7000     -           -           66          
4746        台耀        37.2000     37.2500     37.2000     33.9000     37.2500     30.5500     37.2500     15          2259        
6452        康友-KY     149.0000    155.5000    144.0000    144.5000    158.5000    130.5000    147.0000    52          2552        
6491        晶碩        95.0000     101.0000    94.5000     92.0000     101.0000    82.8000     101.0000    1           544         
6541        泰福-KY     31.0000     31.7500     31.0000     30.7000     33.7500     27.6500     31.4000     15          412         
6666        羅麗芬-KY   104.5000    113.0000    104.5000    103.0000    113.0000    92.7000     105.5000    6           195         
