股票代號     公司簡稱     開盤         最高         最低         昨收         漲停價       跌停價       當盤成交價   當盤成交量   累積成交量  
2302         麗正         4.5000       4.6000       4.4300       4.7300       5.2000       4.2600       4.5400       9            132         
2303         聯電         13.5500      13.8500      13.5000      13.8500      15.2000      12.5000      13.7500      6492         59326       
2329         華泰         8.4800       8.6900       8.3000       8.8100       9.6900       7.9300       8.3400       34           2986        
2330         台積電       257.0000     262.5000     252.0000     270.0000     297.0000     243.0000     255.0000     9912         76040       
2337         旺宏         23.0000      23.5000      22.3000      24.2500      26.6500      21.8500      22.4000      1471         48843       
2338         光罩         20.3500      21.2500      20.1000      22.0500      24.2500      19.8500      20.5000      140          3079        
2342         茂矽         17.5500      17.8000      17.1000      18.9500      20.8000      17.1000      17.1500      56           5107        
2344         華邦電       10.1000      10.2000      9.8000       10.7500      11.8000      9.6800       9.9600       1664         27999       
2351         順德         34.9500      36.0000      33.7000      36.2000      39.8000      32.6000      33.8000      8            581         
2363         矽統         7.4400       7.4400       7.0400       6.7700       7.4400       6.1000       7.4400       20           9505        
2369         菱生         7.2000       7.2100       6.8600       7.4300       8.1700       6.6900       6.9700       25           1747        
2379         瑞昱         163.0000     173.5000     162.0000     171.0000     188.0000     154.0000     168.5000     1559         5241        
2388         威盛         16.7000      17.6000      16.5000      18.0000      19.8000      16.2000      16.7000      15           559         
2401         凌陽         7.8400       7.8400       7.5600       7.9900       8.7800       7.2000       7.6800       67           1009        
2408         南亞科       46.9000      46.9500      44.0000      48.6500      53.5000      43.8000      44.2000      740          20665       
2434         統懋         5.4000       5.4000       4.8500       5.3500       5.8800       4.8200       4.9500       1            23          
2436         偉詮電       20.5500      20.5500      19.6000      21.0000      23.1000      18.9000      20.1500      18           730         
2441         超豐         34.9500      35.2500      33.9000      35.8000      39.3500      32.2500      34.8000      70           747         
2449         京元電子     29.9000      30.9000      28.8000      30.7000      33.7500      27.6500      29.6000      470          9572        
2451         創見         65.2000      68.0000      64.4000      66.1000      72.7000      59.5000      66.3000      43           1062        
2454         聯發科       307.0000     314.0000     296.0000     301.0000     331.0000     271.0000     308.0000     1232         20227       
2458         義隆         73.0000      73.4000      71.1000      75.2000      82.7000      67.7000      71.7000      161          2486        
2481         強茂         14.1000      15.5500      14.1000      15.0500      16.5500      13.5500      15.1000      54           1930        
3006         晶豪科       24.5000      25.2000      23.7000      25.9500      28.5000      23.4000      24.2500      38           1528        
3014         聯陽         36.0000      37.6000      35.3000      37.5500      41.3000      33.8000      36.8500      35           1804        
3016         嘉晶         45.8000      46.0000      43.2000      47.6500      52.4000      42.9000      43.3500      277          7373        
3034         聯詠         152.0000     157.0000     143.0000     152.0000     167.0000     137.0000     153.5000     670          7718        
3035         智原         30.1000      32.5000      30.0000      32.0500      35.2500      28.8500      32.1500      89           2131        
3041         揚智         11.9000      11.9000      11.2000      12.3500      13.5500      11.1500      11.2000      180          2117        
3054         立萬利       22.0000      22.0000      21.1000      22.9000      25.1500      20.6500      21.5000      1            12          
3094         聯傑         14.5000      14.7500      14.2500      15.0000      16.5000      13.5000      14.3500      7            164         
3189         景碩         31.9500      31.9500      30.3000      33.4000      36.7000      30.1000      31.1000      57           2151        
3257         虹冠電       44.5000      45.6000      44.5000      46.0000      50.6000      41.4000      45.6000      4            32          
3413         京鼎         95.7000      97.0000      92.0000      101.5000     111.5000     91.4000      93.0000      51           791         
3443         創意         162.0000     162.5000     155.0000     170.0000     187.0000     153.0000     156.0000     60           1613        
3530         晶相光       61.0000      61.9000      59.7000      66.3000      72.9000      59.7000      59.8000      53           1597        
3532         台勝科       134.0000     139.0000     130.5000     138.0000     151.5000     124.5000     135.0000     68           1974        
3536         誠創         2.6500       2.8400       2.6200       2.8900       3.1700       2.6100       -            -            50          
3545         敦泰         25.7000      26.1500      25.0000      26.6500      29.3000      24.0000      25.6500      90           3271        
3583         辛耘         34.5000      36.2000      34.2000      36.2500      39.8500      32.6500      35.0000      9            201         
3588         通嘉         22.0000      22.7000      21.4000      22.1500      24.3500      19.9500      22.6000      6            110         
3661         世芯-KY      153.5000     165.5000     149.0000     161.5000     177.5000     145.5000     160.0000     288          5749        
3686         達能         2.7300       2.8300       2.7200       2.9000       3.1900       2.6100       2.7500       3            186         
3711         日月光投控   50.8000      52.0000      50.5000      54.2000      59.6000      48.8000      51.0000      1133         13590       
4919         新唐         28.1500      28.8000      27.5000      29.1500      32.0500      26.2500      28.1000      40           757         
4952         凌通         24.1000      24.8000      23.6500      25.2000      27.7000      22.7000      24.5000      3            120         
4961         天鈺         19.9000      20.7500      19.5000      21.2000      23.3000      19.1000      20.3000      25           572         
4967         十銓         23.2500      25.5000      23.2500      25.8000      28.3500      23.2500      23.8000      98           5066        
4968         立積         98.2000      102.5000     94.6000      101.5000     111.5000     91.4000      99.5000      124          3171        
5269         祥碩         594.0000     635.0000     564.0000     626.0000     688.0000     564.0000     635.0000     81           1444        
5285         界霖         36.3000      36.3000      34.3500      37.3500      41.0500      33.6500      35.2000      16           268         
5305         敦南         36.5000      37.5000      35.1000      37.7500      41.5000      34.0000      37.2000      12           704         
5471         松翰         32.1500      34.1500      32.0500      33.8500      37.2000      30.5000      33.1500      101          2685        
6202         盛群         58.0000      59.5000      58.0000      60.0000      66.0000      54.0000      58.4000      27           894         
6239         力成         68.5000      73.2000      66.4000      70.6000      77.6000      63.6000      71.0000      609          6117        
6243         迅杰         5.5000       5.5000       5.3000       5.7600       6.3300       5.1900       5.3200       1            82          
6257         矽格         29.0000      29.5000      28.3000      30.0500      33.0500      27.0500      28.9000      74           2698        
6271         同欣電       92.3000      93.2000      89.2000      96.2000      105.5000     86.6000      91.5000      53           1808        
6415         矽力-KY      800.0000     847.0000     773.0000     770.0000     847.0000     693.0000     847.0000     9            1042        
6451         訊芯-KY      70.7000      72.5000      68.9000      75.3000      82.8000      67.8000      69.8000      42           1230        
6525         捷敏-KY      43.8000      43.8500      42.3000      45.2500      49.7500      40.7500      43.5000      1            175         
6531         愛普         76.8000      79.0000      73.5000      81.6000      89.7000      73.5000      78.0000      63           2163        
6533         晶心科       70.0000      75.9000      68.0000      72.7000      79.9000      65.5000      74.5000      18           545         
6552         易華電       39.4000      39.4000      37.3500      41.5000      45.6500      37.3500      39.1000      14           808         
6573         虹揚-KY      13.6500      13.6500      12.2500      13.5500      14.9000      12.2000      13.3000      4            87          
8016         矽創         100.5000     104.5000     98.0000      107.5000     118.0000     96.8000      102.0000     55           1852        
8028         昇陽半導體   37.5000      40.5000      37.1000      39.5000      43.4500      35.5500      39.0000      39           1453        
8081         致新         90.4000      95.2000      87.2000      93.7000      103.0000     84.4000      94.6000      16           1347        
8110         華東         6.9000       6.9300       6.7200       7.1700       7.8800       6.4600       6.8400       32           873         
8131         福懋科       29.7000      30.0000      29.0000      30.5000      33.5500      27.4500      29.4500      14           700         
8150         南茂         25.0500      25.5000      24.5000      25.9500      28.5000      23.4000      25.2000      140          3619        
8261         富鼎         15.2000      15.6500      14.9000      16.2500      17.8500      14.6500      15.3000      2            161         
8271         宇瞻         32.0000      32.7000      31.5000      33.2500      36.5500      29.9500      32.1500      27           1277        
2301         光寶科       38.2000      39.5000      38.0500      40.6500      44.7000      36.6000      38.5500      1297         7329        
2305         全友         3.6300       3.6300       3.4300       3.6700       4.0300       3.3100       3.5700       19           147         
2324         仁寶         15.7000      15.8500      15.5000      16.2000      17.8000      14.6000      15.5000      3090         13686       
2331         精英         7.7500       7.7500       7.4200       7.8400       8.6200       7.0600       7.5600       6            526         
2352         佳世達       13.5000      14.0000      13.4000      14.2500      15.6500      12.8500      13.8500      159          3678        
2353         宏         13.2000      13.5000      13.0000      13.9000      15.2500      12.5500      13.5000      2326         10653       
2356         英業達       19.3500      20.2500      19.3500      20.6000      22.6500      18.5500      19.8500      1253         5925        
2357         華碩         170.0000     175.5000     167.0000     175.0000     192.5000     157.5000     170.5000     436          2438        
2362         藍天         26.3000      26.6000      26.0000      27.1000      29.8000      24.4000      26.6000      55           309         
2364         倫飛         1.4400       1.4400       1.4400       1.5400       1.6900       1.3900       -            -            1           
2365         昆盈         6.0100       6.2700       6.0100       6.2100       6.8300       5.5900       6.2700       24           723         
2376         技嘉         39.1500      39.3500      38.2500      40.5000      44.5500      36.4500      38.2500      232          3662        
2377         微星         74.2000      74.6000      72.6000      78.0000      85.8000      70.2000      72.6000      383          2867        
2380         虹光         3.1000       3.1400       2.8800       3.2000       3.5200       2.8800       2.8800       65           147         
2382         廣達         52.0000      54.9000      52.0000      54.8000      60.2000      49.3500      52.6000      914          7659        
2387         精元         21.3000      21.8000      20.9000      23.2000      25.5000      20.9000      20.9000      3            3162        
2395         研華         227.5000     244.5000     227.0000     240.5000     264.5000     216.5000     234.0000     156          1344        
2397         友通         57.3000      58.4000      56.6000      58.5000      64.3000      52.7000      58.0000      2            42          
2399         映泰         6.5300       6.7900       6.5300       7.1800       7.8900       6.4700       6.7300       51           573         
2405         浩鑫         6.1200       6.5200       6.1100       6.7200       7.3900       6.0500       6.4000       8            691         
2417         圓剛         8.1800       8.4500       8.1000       8.6900       9.5500       7.8300       8.3600       43           1319        
2424         隴華         -            -            -            21.0000      23.1000      18.9000      -            -            0           
2425         承啟         25.5000      26.1500      24.9000      25.6000      28.1500      23.0500      25.0500      12           419         
2442         新美齊       5.3000       5.7900       5.3000       5.7700       6.3400       5.2000       5.6700       17           817         
2465         麗臺         5.5000       5.8000       5.5000       5.8600       6.4400       5.2800       5.7500       1            74          
3002         歐格         8.8400       8.8500       8.5500       8.9000       9.7900       8.0100       8.7500       5            37          
3005         神基         43.5000      43.5000      41.4000      43.0000      47.3000      38.7000      41.6000      46           1807        
3013         晟銘電       10.4000      10.8000      9.9700       10.6000      11.6500      9.5400       10.7500      5            756         
3017         奇鋐         27.4000      28.9500      27.1000      28.4000      31.2000      25.6000      28.5500      267          9064        
3022         威強電       28.0000      29.4000      27.6000      30.2500      33.2500      27.2500      28.9500      8            364         
3046         建         5.9600       5.9600       5.9600       6.6200       7.2800       5.9600       -            -            10          
3057         喬鼎         4.0500       4.0500       3.6800       4.0500       4.4500       3.6500       3.8000       2            175         
3060         銘異         10.3000      10.4000      10.0500      10.8500      11.9000      9.7700       10.2500      60           1111        
3231         緯創         19.2000      19.7500      18.8000      20.4000      22.4000      18.4000      19.2000      1970         11746       
3416         融程電       50.0000      50.0000      48.1500      50.1000      55.1000      45.1000      -            -            78          
3494         誠研         3.0000       3.1000       2.9100       3.1900       3.5000       2.8800       2.9500       6            126         
3515         華擎         86.8000      90.0000      84.4000      88.9000      97.7000      80.1000      89.2000      94           2730        
3701         大眾控       -            -            -            11.6000      12.7500      10.4500      -            -            0           
3706         神達         23.2500      24.5500      23.2500      25.1000      27.6000      22.6000      24.1000      139          6573        
3712         永崴投控     9.6800       9.9200       9.5000       9.9900       10.9500      9.0000       9.8500       5            309         
4916         事欣科       21.0000      21.2500      20.7000      21.7000      23.8500      19.5500      20.9000      6            249         
4938         和碩         49.4500      50.4000      48.2000      51.8000      56.9000      46.6500      48.2000      985          7322        
5215         科嘉-KY      47.4000      50.9000      46.8000      49.9000      54.8000      44.9500      49.9000      12           966         
5258         虹堡         14.9000      16.0000      14.9000      16.2000      17.8000      14.6000      15.5500      7            262         
5264         鎧勝-KY      36.5000      37.0000      35.2500      37.0000      40.7000      33.3000      35.3000      86           1895        
6117         迎廣         10.9000      10.9000      10.1500      11.0000      12.1000      9.9000       -            -            15          
6128         上福         24.0000      24.9500      24.0000      25.1500      27.6500      22.6500      24.9500      13           181         
6166         凌華         58.4000      58.4000      54.1000      59.9000      65.8000      54.0000      57.3000      20           518         
6172         互億         20.2000      20.2000      19.6500      20.4000      22.4000      18.4000      19.7500      7            83          
6206         飛捷         57.0000      58.4000      56.4000      59.0000      64.9000      53.1000      58.0000      3            265         
6230         超眾         209.0000     219.0000     203.5000     213.5000     234.5000     192.5000     219.0000     220          2481        
6235         華孚         6.8000       7.2400       6.7100       7.4500       8.1900       6.7100       6.9300       10           290         
6277         宏正         73.5000      75.5000      72.5000      75.5000      83.0000      68.0000      74.3000      2            134         
6414         樺漢         125.5000     125.5000     119.5000     132.5000     145.5000     119.5000     119.5000     31           1351        
6579         研揚         55.6000      56.2000      54.9000      56.2000      61.8000      50.6000      55.6000      1            44          
6591         動力-KY      29.5000      30.2000      29.0000      30.7000      33.7500      27.6500      29.4500      20           223         
6669         緯穎         585.0000     642.0000     565.0000     611.0000     672.0000     550.0000     639.0000     183          2964        
8114         振樺電       68.4000      68.4000      64.0000      69.6000      76.5000      62.7000      64.0000      10           313         
8163         達方         27.0000      28.2000      27.0000      28.4000      31.2000      25.6000      27.6500      84           1110        
8210         勤誠         66.2000      68.9000      65.1000      70.6000      77.6000      63.6000      66.5000      27           1101        
9912         偉聯         5.7800       5.7800       5.4200       5.7800       6.3500       5.2100       -            -            22          
2323         中環         5.9800       6.2400       5.9000       6.2400       6.8600       5.6200       6.0400       446          9123        
2340         光磊         15.2500      16.0500      14.8500      15.4500      16.9500      13.9500      15.8000      107          2264        
2349         錸德         3.7800       4.1500       3.5800       3.7800       4.1500       3.4100       3.9800       117          7078        
2374         佳能         9.7400       9.7700       9.3000       9.8500       10.8000      8.8700       9.4300       1            257         
2393         億光         22.0000      22.1500      20.6500      22.9000      25.1500      20.6500      20.7000      110          4741        
2406         國碩         7.8000       7.8000       7.5100       8.1600       8.9700       7.3500       7.5500       54           952         
2409         友達         6.2100       6.2600       6.1000       6.6700       7.3300       6.0100       6.1000       5538         83869       
2426         鼎元         8.4000       8.5000       8.2600       8.7900       9.6600       7.9200       8.3000       13           469         
2438         翔耀         5.2000       5.5000       5.2000       5.3000       5.8300       4.7700       -            -            2           
2448         晶電         24.6000      25.3500      24.0000      26.1000      28.7000      23.5000      24.0500      407          11294       
2466         冠西電       31.4000      31.4000      31.1000      31.4000      34.5000      28.3000      31.3500      1            48          
2486         一詮         5.0000       5.2100       5.0000       5.3900       5.9200       4.8600       5.2100       12           243         
2489         瑞軒         6.1000       6.1800       6.0500       6.4400       7.0800       5.8000       6.1400       55           1255        
2491         吉祥全       6.4000       7.0000       6.2000       6.8300       7.5100       6.1500       6.8300       1            40          
2499         東貝         5.6600       5.6600       5.4000       5.8400       6.4200       5.2600       5.4000       100          1998        
3008         大立光       3400.0000    3630.0000    3350.0000    3575.0000    3930.0000    3220.0000    3450.0000    85           1031        
3019         亞光         53.8000      56.8000      53.2000      57.5000      63.2000      51.8000      54.1000      169          3365        
3024         憶聲         5.5700       5.9700       5.5700       6.1600       6.7700       5.5500       5.9600       20           344         
3031         佰鴻         10.5000      11.0500      10.4000      10.0500      11.0500      9.0500       -            -            874         
3038         全台         12.3500      13.2500      12.2500      12.8000      14.0500      11.5500      13.1000      28           1731        
3049         和鑫         8.6100       9.0600       8.4600       8.9100       9.8000       8.0200       8.8600       105          5244        
3050         鈺德         7.6200       7.9400       7.6000       7.9700       8.7600       7.1800       7.8500       6            329         
3051         力特         2.7100       2.9700       2.6600       2.9500       3.2400       2.6600       -            -            72          
3059         華晶科       16.7500      17.0500      16.5000      17.3000      19.0000      15.6000      16.5000      24           766         
3149         正達         4.5100       4.7000       4.4700       4.9000       5.3900       4.4100       4.6500       13           582         
3356         奇偶         15.3000      15.7500      15.0500      16.6500      18.3000      15.0000      15.4000      5            358         
3383         新世紀       3.9000       4.1100       3.8200       4.1500       4.5600       3.7400       -            -            21          
3406         玉晶光       310.5000     352.5000     302.5000     327.0000     359.5000     294.5000     337.5000     606          14715       
3437         榮創         10.4500      10.7500      10.1500      10.7500      11.8000      9.6800       10.4000      16           809         
3454         晶睿         58.5000      59.5000      58.0000      61.0000      67.1000      54.9000      59.1000      3            96          
3481         群創         5.0500       5.0900       4.8500       5.3600       5.8900       4.8300       4.8500       13697        171651      
3504         揚明光       38.0000      38.0000      37.0000      40.1000      44.1000      36.1000      37.2000      31           409         
3535         晶彩科       10.0000      10.8000      9.8100       10.4500      11.4500      9.4100       10.4500      25           749         
3557         嘉威         35.0000      35.8000      33.5000      36.8000      40.4500      33.1500      35.8000      10           184         
3563         牧德         204.0000     220.0000     202.0000     220.0000     242.0000     198.0000     215.0000     31           901         
3576         聯合再生     4.2400       4.3800       4.2000       4.5100       4.9600       4.0600       4.2600       131          5752        
3591         艾笛森       7.9000       7.9000       7.5500       8.3000       9.1300       7.4700       7.8600       1            332         
3622         洋華         15.5000      16.1500      15.3500      15.9500      17.5000      14.4000      16.0000      2            478         
3669         圓展         19.3000      19.3000      18.2000      20.2000      22.2000      18.2000      18.7500      28           1620        
3673         TPK-KY       32.0000      33.4500      31.8000      34.0000      37.4000      30.6000      32.6500      74           2232        
3698         隆達         10.0500      10.4000      10.0000      10.7000      11.7500      9.6300       10.1500      62           781         
4934         太極         9.7000       10.1500      9.5000       10.3500      11.3500      9.3200       9.7300       24           1920        
4935         茂林-KY      79.0000      82.5000      76.5000      80.0000      88.0000      72.0000      81.3000      210          8638        
4942         嘉彰         26.0000      26.4000      25.5500      27.0000      29.7000      24.3000      26.0500      8            455         
4956         光鋐         7.7000       7.8200       7.4300       7.9700       8.7600       7.1800       7.6600       5            196         
4960         誠美材       4.0000       4.0000       3.8000       4.0800       4.4800       3.6800       -            -            213         
4976         佳凌         12.0500      13.3000      12.0500      13.3500      14.6500      12.0500      13.1000      24           508         
5234         達興材料     63.4000      63.9000      61.0000      64.9000      71.3000      58.5000      63.2000      15           262         
5243         乙盛-KY      24.0000      25.0000      23.6000      25.0500      27.5500      22.5500      24.0500      20           567         
5484         慧友         6.8000       6.8000       6.8000       6.9600       7.6500       6.2700       -            -            2           
6116         彩晶         4.8900       4.9600       4.7400       5.1000       5.6100       4.5900       4.8600       534          12736       
6120         達運         7.8000       7.8000       7.4400       7.9300       8.7200       7.1400       7.4500       8            1346        
6131         鈞泰         2.6500       2.6700       2.6500       2.6600       2.9200       2.4000       2.6700       20           45          
6164         華興         4.6300       4.6400       4.4100       4.8500       5.3300       4.3700       4.6100       67           201         
6168         宏齊         9.7000       9.7000       9.3000       9.8300       10.8000      8.8500       9.6000       26           442         
6176         瑞儀         70.8000      75.8000      70.5000      75.0000      82.5000      67.5000      74.8000      206          2774        
6209         今國光       15.2000      15.8000      14.5000      15.2000      16.7000      13.7000      15.4500      20           758         
6225         天瀚         1.8800       1.8800       1.6800       1.8100       1.9900       1.6300       1.6800       1            2           
6226         光鼎         6.0400       6.1500       5.8800       6.1700       6.7800       5.5600       5.9000       183          643         
6278         台表科       53.4000      59.0000      51.7000      57.3000      63.0000      51.6000      57.5000      213          5982        
6289         華上         1.4500       1.5000       1.4500       1.4500       1.5900       1.3100       1.5000       2            9           
6405         悅城         10.0000      10.0000      9.6800       10.0500      11.0500      9.0500       -            -            47          
6431         光麗-KY      18.0000      18.5000      17.5500      19.5000      21.4500      17.5500      -            -            167         
6443         元晶         4.2700       4.3300       4.2000       4.4500       4.8900       4.0100       4.2000       5            1299        
6456         GIS-KY       66.5000      70.2000      65.0000      69.7000      76.6000      62.8000      68.6000      49           2633        
6477         安集         16.0500      16.3500      15.6500      16.4000      18.0000      14.8000      16.3000      1            241         
6668         中揚光       43.0000      43.6500      42.0000      46.6000      51.2000      41.9500      42.1000      24           670         
6706         惠特         59.3000      61.0000      58.5000      65.0000      71.5000      58.5000      58.8000      28           896         
8104         錸寶         25.8500      26.9000      25.0000      26.8000      29.4500      24.1500      26.7000      1            112         
8105         凌巨         7.3100       7.4200       7.0500       7.8100       8.5900       7.0300       7.1100       46           1649        
8215         明基材       12.3000      13.1000      12.1000      12.6500      13.9000      11.4000      12.9500      82           2258        
2314         台揚         13.0000      13.6500      12.5000      13.2000      14.5000      11.9000      13.1500      10           1098        
2321         東訊         1.2100       1.2100       1.2100       1.2100       1.3300       1.0900       1.2100       5            5           
2332         友訊         8.7000       9.5600       8.6200       8.8800       9.7600       8.0000       9.4800       141          6167        
2345         智邦         139.5000     142.0000     137.0000     152.0000     167.0000     137.0000     137.0000     142          9150        
2412         中華電       105.0000     106.0000     104.5000     106.5000     117.0000     95.9000      105.5000     2639         14868       
2419         仲琦         15.1500      15.3500      14.8500      15.7000      17.2500      14.1500      15.2000      17           460         
2439         美律         117.5000     117.5000     114.0000     121.5000     133.5000     109.5000     115.0000     124          2266        
2444         兆勁         12.6000      13.2500      12.6000      13.3000      14.6000      12.0000      13.1500      129          664         
2450         神腦         26.1500      26.3000      25.6000      26.3000      28.9000      23.7000      26.0000      7            256         
2455         全新         65.3000      70.3000      63.1000      67.3000      74.0000      60.6000      68.1000      138          3866        
2485         兆赫         11.0000      11.8000      10.9500      12.0000      13.2000      10.8000      11.5000      15           668         
2498         宏達電       28.2500      28.3000      26.7000      29.4500      32.3500      26.5500      27.7000      321          7483        
3025         星通         12.5500      12.9000      12.4500      13.5500      14.9000      12.2000      12.9000      4            183         
3027         盛達         5.1600       5.1600       4.9300       5.2700       5.7900       4.7500       5.0600       3            146         
3045         台灣大       98.3000      99.3000      98.0000      99.9000      109.5000     90.0000      98.0000      1639         6905        
3047         訊舟         5.7000       5.9300       5.4500       5.7900       6.3600       5.2200       5.8200       12           546         
3062         建漢         10.6500      11.3500      10.6000      11.2000      12.3000      10.1000      11.2000      17           835         
3311         閎暉         18.1500      18.1500      17.1500      18.8000      20.6500      16.9500      17.4500      5            141         
3380         明泰         15.0000      15.0000      14.5000      15.4000      16.9000      13.9000      14.5000      150          2938        
3419         譁裕         8.6900       9.2800       8.6900       9.6100       10.5500      8.6500       9.1300       4            212         
3596         智易         59.0000      62.7000      59.0000      61.9000      68.0000      55.8000      61.8000      50           2311        
3682         亞太電       5.3000       5.3000       5.1100       5.4300       5.9700       4.8900       5.1500       130          3800        
3694         海華         11.0000      11.0500      10.8000      11.2500      12.3500      10.1500      -            -            84          
3704         合勤控       11.4000      11.8500      11.2500      12.0000      13.2000      10.8000      11.7000      69           1361        
4904         遠傳         60.5000      61.8000      59.7000      62.0000      68.2000      55.8000      59.7000      1365         5796        
4906         正文         15.4000      16.2500      15.4000      16.2500      17.8500      14.6500      16.0000      69           1545        
4977         眾達-KY      68.5000      72.8000      67.2000      74.5000      81.9000      67.1000      71.5000      102          1404        
5388         中磊         59.1000      59.8000      58.0000      60.6000      66.6000      54.6000      58.8000      29           854         
6136         富爾特       15.0000      15.0000      14.0000      15.0500      16.5500      13.5500      -            -            144         
6142         友勁         4.0500       4.6800       4.0500       4.2600       4.6800       3.8400       -            -            482         
6152         百一         4.4300       4.4300       4.2000       4.3400       4.7700       3.9100       -            -            60          
6216         居易         21.0000      22.0500      21.0000      22.1000      24.3000      19.9000      21.9000      3            80          
6285         啟         47.0000      47.6000      46.0000      49.0500      53.9000      44.1500      46.1000      74           1985        
6416         瑞祺電通     105.0000     111.5000     103.5000     111.0000     122.0000     99.9000      106.5000     93           2590        
6442         光聖         32.1000      33.0000      31.8500      33.9500      37.3000      30.6000      31.9000      1            10          
6674         鋐寶科技     16.1000      16.4000      15.5000      16.6000      18.2500      14.9500      -            -            58          
8011         台通         10.5000      10.5000      10.0500      10.7000      11.7500      9.6300       10.0500      31           307         
8101         華冠         3.8200       4.0500       3.5000       3.8300       4.2100       3.4500       3.9500       20           523         
1471         首利         1.4600       1.6400       1.4600       1.5900       1.7400       1.4400       -            -            13          
1582         信錦         63.0000      63.5000      61.7000      64.8000      71.2000      58.4000      62.0000      34           509         
2059         川湖         298.0000     298.0000     285.5000     298.0000     327.5000     268.5000     285.5000     19           200         
2308         台達電       112.0000     117.0000     108.5000     117.5000     129.0000     106.0000     112.5000     841          8543        
2313         華通         24.5000      25.2500      23.5000      25.8500      28.4000      23.3000      24.5000      839          17745       
2316         楠梓電       21.8000      22.3000      21.1000      23.1000      25.4000      20.8000      21.7000      37           1923        
2327         國巨         241.0000     254.5000     232.0000     252.0000     277.0000     227.0000     252.0000     982          17707       
2328         廣宇         15.2000      15.5500      15.0500      15.8500      17.4000      14.3000      15.2500      60           1231        
2355         敬鵬         19.5000      19.5000      18.7000      20.6000      22.6500      18.5500      19.0000      48           1500        
2367         燿華         16.3500      16.7000      15.6500      16.9000      18.5500      15.2500      16.7000      387          8092        
2368         金像電       16.7000      17.8000      16.2500      18.0000      19.8000      16.2000      17.7500      1293         33973       
2375         凱美         25.3000      26.0000      24.3500      27.0000      29.7000      24.3000      24.7500      87           2299        
2383         台光電       94.1000      96.8000      92.1000      97.5000      107.0000     87.8000      92.6000      168          4391        
2385         群光         69.5000      70.5000      67.8000      72.0000      79.2000      64.8000      68.2000      579          2671        
2392         正崴         24.7500      25.4000      24.1000      25.7000      28.2500      23.1500      25.0000      45           1667        
2402         毅嘉         9.1600       9.4500       9.0800       9.9500       10.9000      8.9600       9.2000       25           1862        
2413         環科         8.5000       8.6300       8.4300       8.8100       9.6900       7.9300       8.4800       6            144         
2415         錩新         10.4000      10.8000      10.3500      11.1500      12.2500      10.0500      10.6500      6            110         
2420         新巨         27.4500      27.4500      26.2000      27.6000      30.3500      24.8500      26.9000      6            289         
2421         建準         28.8000      28.9000      27.6000      29.3000      32.2000      26.4000      27.6500      98           2815        
2428         興勤         61.2000      63.8000      60.0000      64.8000      71.2000      58.4000      62.6000      14           289         
2429         銘旺科       15.8000      16.4000      15.5500      17.1500      18.8500      15.4500      16.4000      3            94          
2431         聯昌         5.6000       6.2000       5.6000       6.2000       6.8200       5.5800       6.1000       1            156         
2440         太空梭       6.3500       6.5400       6.3500       6.9300       7.6200       6.2400       -            -            30          
2456         奇力新       67.4000      70.9000      66.4000      72.0000      79.2000      64.8000      69.0000      211          4032        
2457         飛宏         5.1700       5.1900       4.9400       5.3600       5.8900       4.8300       5.1200       15           573         
2460         建通         6.1000       6.3900       6.0900       6.5300       7.1800       5.8800       6.1400       13           72          
2462         良得電       24.2000      24.9000      24.2000      25.1000      27.6000      22.6000      24.5500      1            28          
2467         志聖         24.2500      24.6500      23.8500      24.8000      27.2500      22.3500      24.1000      14           484         
2472         立隆電       24.2500      24.5000      23.6000      25.0500      27.5500      22.5500      24.0000      9            333         
2476         鉅祥         17.0000      17.5000      16.7500      17.1000      18.8000      15.4000      17.3000      5            141         
2478         大毅         46.7500      49.2000      46.0000      50.2000      55.2000      45.2000      47.0000      175          4781        
2483         百容         14.5000      14.7500      14.2500      14.9500      16.4000      13.5000      14.7500      2            38          
2484         希華         14.3000      14.8000      14.2500      14.9000      16.3500      13.4500      14.5500      35           645         
2492         華新科       138.0000     146.5000     133.5000     143.5000     157.5000     129.5000     146.5000     1037         12343       
2493         揚博         23.4500      23.4500      22.8000      23.8500      26.2000      21.5000      23.2500      18           214         
3003         健和興       28.3500      28.3500      27.1500      29.7500      32.7000      26.8000      27.7500      9            667         
3011         今皓         3.8200       4.2100       3.8200       4.2400       4.6600       3.8200       4.0200       7            198         
3015         全漢         16.3000      17.5000      16.2000      15.9500      17.5000      14.4000      17.4500      9            1107        
3021         鴻名         10.4000      10.4000      9.9500       11.0500      12.1500      9.9500       10.2000      46           698         
3023         信邦         95.6000      104.0000     95.0000      101.0000     111.0000     90.9000      98.6000      89           2110        
3026         禾伸堂       79.5000      82.0000      77.6000      82.8000      91.0000      74.6000      80.3000      107          2111        
3032         偉訓         21.2000      21.8000      21.2000      21.9000      24.0500      19.7500      21.6000      15           193         
3037         欣興         26.0500      27.7000      25.5000      27.0500      29.7500      24.3500      27.0500      1519         38850       
3042         晶技         36.5000      39.4000      36.1000      38.6500      42.5000      34.8000      38.6500      374          5095        
3044         健鼎         80.0000      81.8000      78.0000      84.4000      92.8000      76.0000      78.0000      244          1200        
3058         立德         4.8700       4.8800       4.6100       4.9500       5.4400       4.4600       4.8300       50           324         
3090         日電貿       33.4000      34.7000      33.4000      35.6000      39.1500      32.0500      34.0000      19           872         
3229         晟鈦         9.1200       9.1200       8.4300       9.1400       10.0500      8.2300       9.0000       5            15          
3296         勝德         12.3000      12.7000      12.0000      12.5000      13.7500      11.2500      12.6000      9            56          
3308         聯德         3.9300       3.9300       3.9300       4.3200       4.7500       3.8900       -            -            1           
3321         同泰         6.5000       6.5000       5.8900       6.5400       7.1900       5.8900       5.8900       11           383         
3338         泰碩         75.1000      80.0000      73.1000      77.0000      84.7000      69.3000      80.0000      414          9612        
3376         新日興       93.0000      96.5000      89.0000      98.0000      107.5000     88.2000      94.0000      98           2332        
3432         台端         8.4100       8.4800       7.9600       8.7000       9.5700       7.8300       -            -            16          
3501         維熹         37.8000      38.4500      37.5000      38.8000      42.6500      34.9500      -            -            78          
3533         嘉澤         224.0000     241.0000     218.0000     231.5000     254.5000     208.5000     235.0000     24           1522        
3550         聯穎         9.8500       9.8500       9.2300       9.8500       10.8000      8.8700       -            -            350         
3593         力銘         7.1500       7.5000       7.1500       7.2800       8.0000       6.5600       -            -            4           
3605         宏致         16.7000      17.2500      16.2000      17.6000      19.3500      15.8500      17.2000      32           516         
3607         谷崧         7.7600       8.3000       7.7600       8.4000       9.2400       7.5600       8.1200       11           322         
3645         達邁         24.7500      26.4500      24.7500      25.7500      28.3000      23.2000      26.4500      32           605         
3653         健策         122.0000     128.5000     121.5000     134.5000     147.5000     121.5000     125.0000     77           3498        
3679         新至陞       43.2000      46.0000      43.2000      45.4000      49.9000      40.9000      45.5500      1            64          
4545         銘鈺         21.5500      21.5500      20.2500      21.2500      23.3500      19.1500      21.0500      4            57          
4912         聯德控股-KY  58.5000      60.9000      58.5000      63.9000      70.2000      57.6000      60.2000      11           92          
4915         致伸         34.7000      36.2000      34.0000      36.5500      40.2000      32.9000      35.1000      144          1651        
4927         泰鼎-KY      50.0000      53.5000      49.0000      51.4000      56.5000      46.3000      51.0000      317          10774       
4943         康控-KY      81.5000      83.4000      78.2000      85.5000      94.0000      77.0000      80.8000      71           1412        
4958         臻鼎-KY      75.9000      76.9000      73.2000      78.5000      86.3000      70.7000      75.5000      360          3524        
4989         榮科         12.8500      12.8500      11.8000      12.9000      14.1500      11.6500      12.4500      2            95          
4999         鑫禾         25.8000      26.5000      25.7000      27.9000      30.6500      25.1500      26.2000      4            113         
5469         瀚宇博       27.1500      27.3000      26.2000      28.0000      30.8000      25.2000      26.4000      249          6475        
6108         競國         16.5000      16.6500      16.2000      17.1000      18.8000      15.4000      16.4000      11           328         
6115         鎰勝         37.3000      38.7000      37.0500      38.7000      42.5500      34.8500      38.4000      2            109         
6133         金橋         5.8300       6.1700       5.6300       6.2500       6.8700       5.6300       6.1200       6            365         
6141         柏承         12.8000      12.8000      12.1500      13.5000      14.8500      12.1500      12.4000      28           1135        
6153         嘉聯益       20.2500      20.3000      19.1500      21.1000      23.2000      19.0000      19.7000      200          4322        
6155         鈞寶         16.5500      16.9000      16.3000      17.0500      18.7500      15.3500      16.6500      8            397         
6165         捷泰         14.9000      15.3000      14.1500      15.1500      16.6500      13.6500      15.3000      2            210         
6191         精成科       10.3000      10.5500      10.2000      10.9000      11.9500      9.8100       10.3500      37           1001        
6197         佳必琪       22.3000      23.3500      22.0000      21.6500      23.8000      19.5000      23.3000      46           1364        
6205         詮欣         16.7000      17.8000      16.7000      18.5000      20.3500      16.6500      17.8000      1            43          
6213         聯茂         118.0000     122.5000     115.5000     124.0000     136.0000     112.0000     115.5000     302          5633        
6224         聚鼎         48.8000      50.7000      48.8000      51.0000      56.1000      45.9000      50.7000      2            205         
6251         定穎         12.1500      12.3000      11.7500      12.7500      14.0000      11.5000      11.7500      136          2843        
6269         台郡         82.5000      85.4000      81.9000      87.2000      95.9000      78.5000      83.7000      175          3082        
6282         康舒         16.1500      16.3500      15.5000      16.8500      18.5000      15.2000      16.1000      40           2185        
6412         群電         44.0500      44.1500      42.0000      44.0000      48.4000      39.6000      42.4500      84           2334        
6449         鈺邦         20.4000      20.4500      19.8000      21.0000      23.1000      18.9000      20.1000      5            135         
6672         騰輝電子-KY  69.0000      71.0000      68.1000      72.4000      79.6000      65.2000      69.5000      19           475         
6715         嘉基         65.5000      69.0000      63.9000      69.3000      76.2000      62.4000      67.0000      4            241         
8039         台虹         35.7000      38.1500      35.5000      38.5000      42.3500      34.6500      37.7000      50           1524        
8046         南電         40.8000      40.8000      38.7000      43.0000      47.3000      38.7000      38.7000      57           12034       
8103         瀚荃         17.9000      18.9500      17.0000      17.9000      19.6500      16.1500      18.4000      2            239         
8213         志超         25.0000      26.7000      24.8000      26.3000      28.9000      23.7000      26.5500      79           1368        
8249         菱光         15.3000      15.9000      15.3000      16.1000      17.7000      14.5000      15.6000      20           150         
2347         聯強         32.8500      33.8000      32.7500      33.7500      37.1000      30.4000      32.7500      1429         6393        
2414         精技         18.9000      19.3500      18.8500      19.7000      21.6500      17.7500      19.2500      1            170         
2430         燦坤         12.1000      12.5000      12.1000      12.7500      14.0000      11.5000      12.2500      3            119         
2459         敦吉         35.1000      36.5000      34.7000      35.8000      39.3500      32.2500      36.3500      4            259         
3010         華立         41.6000      43.4000      41.6000      44.7000      49.1500      40.2500      43.0000      8            294         
3028         增你強       15.8500      16.0000      15.6500      16.3000      17.9000      14.7000      16.0000      7            319         
3033         威健         11.6500      11.8000      11.0000      11.9000      13.0500      10.7500      11.6000      12           572         
3036         文曄         32.4000      32.6000      31.4000      32.6000      35.8500      29.3500      32.1000      24           903         
3048         益登         13.1000      13.5500      13.0500      13.7000      15.0500      12.3500      13.5000      12           812         
3055         蔚華科       23.6000      24.8500      23.5500      25.1500      27.6500      22.6500      24.5000      8            136         
3209         全科         15.4000      16.2000      15.4000      16.5500      18.2000      14.9000      16.0000      2            291         
3312         弘憶股       10.3000      10.7000      10.2500      10.7500      11.8000      9.6800       10.5500      13           298         
3528         安馳         31.7000      33.6000      31.7000      34.0000      37.4000      30.6000      -            -            43          
3702         大聯大       31.7500      32.9000      31.5500      33.2500      36.5500      29.9500      31.6500      758          3432        
3702A        大聯大甲特   45.6000      46.0000      44.7000      45.7000      50.2000      41.1500      45.7000      3            693         
5434         崇越         77.1000      79.3000      75.6000      80.5000      88.5000      72.5000      78.0000      45           712         
6189         豐藝         27.5000      27.6000      26.8500      28.0000      30.8000      25.2000      27.4500      3            419         
6281         全國電       61.3000      61.5000      59.9000      61.6000      67.7000      55.5000      61.2000      1            68          
8070         長華         126.5000     127.0000     122.0000     128.5000     141.0000     116.0000     -            -            118         
8072         陞泰         20.0500      20.1000      20.0000      20.1000      22.1000      18.1000      20.0000      13           132         
8112         至上         27.5000      28.1000      27.1000      28.4000      31.2000      25.6000      27.5500      135          3317        
2427         三商電       9.0000       9.0200       8.8600       9.2700       10.1500      8.3500       9.0200       312          511         
2453         凌群         11.7500      12.2000      11.5000      11.7500      12.9000      10.6000      11.9000      23           544         
2468         華經         11.2500      11.9000      11.2000      11.9000      13.0500      10.7500      11.7000      1            46          
2471         資通         16.2000      16.9000      16.0000      15.9000      17.4500      14.3500      16.8000      6            624         
2480         敦陽科       48.6000      50.7000      48.1000      51.0000      56.1000      45.9000      50.0000      22           732         
3029         零壹         26.6000      27.4000      26.1000      27.4500      30.1500      24.7500      27.1500      43           1319        
3130         一零四       128.0000     128.0000     122.5000     129.0000     141.5000     116.5000     -            -            28          
4994         傳奇         40.1000      40.1000      38.0000      40.9500      45.0000      36.9000      39.5500      8            147         
5203         訊連         84.5000      85.6000      81.8000      87.7000      96.4000      79.0000      84.6000      17           579         
6112         聚碩         30.0500      30.8500      29.8000      31.2000      34.3000      28.1000      30.6500      5            449         
6183         關貿         36.3500      37.0000      35.0000      36.4000      40.0000      32.8000      36.6000      2            170         
6214         精誠         70.0000      72.8000      67.6000      71.8000      78.9000      64.7000      71.0000      14           837         
2312         金寶         9.0100       9.0900       8.7800       9.4900       10.4000      8.5500       8.7800       121          2773        
2317         鴻海         67.5000      68.4000      67.0000      70.8000      77.8000      63.8000      67.5000      5483         60646       
2354         鴻準         46.5000      47.8500      46.5000      49.5000      54.4000      44.5500      46.9500      524          2593        
2359         所羅門       14.7500      15.2000      14.3500      15.4000      16.9000      13.9000      15.1000      99           677         
2360         致茂         98.5000      99.9000      95.0000      104.5000     114.5000     94.1000      95.0000      146          1810        
2373         震旦行       83.9000      83.9000      81.1000      83.0000      91.3000      74.7000      81.5000      20           41          
2390         云辰         7.0000       7.0500       6.6000       7.2000       7.9200       6.4800       6.6200       166          2195        
2404         漢唐         136.5000     140.0000     133.0000     142.0000     156.0000     128.0000     138.5000     41           1075        
2423         固緯         20.1500      20.1500      19.3500      20.1500      22.1500      18.1500      19.9000      1            117         
2433         互盛電       43.9000      44.6000      42.0000      44.7000      49.1500      40.2500      44.4500      6            117         
2461         光群雷       12.1500      12.3500      11.9000      12.6000      13.8500      11.3500      12.2000      14           575         
2464         盟立         26.7000      27.1500      26.0500      27.8000      30.5500      25.0500      27.0000      7            453         
2474         可成         178.0000     188.0000     176.0000     188.0000     206.5000     169.5000     182.0000     433          4476        
2477         美隆電       16.0000      16.5000      15.9000      17.1000      18.8000      15.4000      16.5000      2            81          
2482         連宇         9.1500       9.4200       9.0500       9.5900       10.5000      8.6400       9.2300       11           159         
2488         漢平         24.0500      24.2000      23.6500      24.8000      27.2500      22.3500      24.0500      3            172         
2495         普安         10.3000      10.3000      10.0000      10.4000      11.4000      9.3600       10.1500      1            428         
3018         同開         14.8000      14.8000      14.0000      15.0000      16.5000      13.5000      14.2000      7            257         
3030         德律         41.2000      43.2000      40.0000      41.8000      45.9500      37.6500      41.9000      13           549         
3043         科風         1.2900       1.2900       1.1500       1.2500       1.3700       1.1300       1.2000       7            104         
3305         昇貿         17.0000      17.3000      16.2500      17.6000      19.3500      15.8500      16.6000      8            193         
3450         聯鈞         54.2000      55.9000      52.5000      57.5000      63.2000      51.8000      54.9000      73           3118        
3518         柏騰         17.5000      17.5000      16.5000      17.9500      19.7000      16.2000      17.1500      1            226         
3617         碩天         67.6000      70.6000      67.6000      72.5000      79.7000      65.3000      69.5000      11           286         
3665         貿聯-KY      133.5000     134.0000     127.5000     141.5000     155.5000     127.5000     128.5000     56           3006        
5225         東科-KY      19.3500      20.0000      19.0000      20.3000      22.3000      18.3000      19.9000      11           210         
6139         亞翔         20.0000      20.0000      19.0000      20.7500      22.8000      18.7000      19.8500      34           521         
6192         巨路         52.3000      52.3000      50.6000      52.9000      58.1000      47.6500      51.5000      3            139         
6196         帆宣         48.0000      49.4500      47.1500      51.0000      56.1000      45.9000      48.3000      21           954         
6201         亞弘電       28.9000      29.7000      28.7000      29.9500      32.9000      27.0000      29.7000      1            92          
6215         和椿         10.0000      10.0000      9.4700       10.2500      11.2500      9.2300       9.9200       1            248         
6283         淳安         12.1000      12.1000      11.3500      12.4500      13.6500      11.2500      11.9000      1            135         
6409         旭隼         590.0000     608.0000     590.0000     590.0000     649.0000     531.0000     590.0000     11           176         
6558         興能高       25.6000      26.7000      25.6000      28.4000      31.2000      25.6000      25.8500      35           459         
6698         旭暉應材     34.3000      37.0500      34.3000      38.0000      41.8000      34.2000      36.9500      22           121         
8021         尖點         15.3500      16.0000      15.2500      16.0000      17.6000      14.4000      15.8500      9            501         
8201         無敵         6.3100       6.4600       6.3000       6.7800       7.4500       6.1100       6.4600       4            71          
1598         岱宇         31.6000      32.9500      31.1000      33.3000      36.6000      30.0000      32.8000      93           585         
1701         中化         16.2500      17.9500      15.8000      16.3500      17.9500      14.7500      17.9500      2            3273        
1707         葡萄王       183.5000     184.0000     175.0000     185.5000     204.0000     167.0000     181.0000     39           872         
1720         生達         28.9000      30.8000      28.6500      29.5500      32.5000      26.6000      30.5000      19           401         
1731         美吾華       11.4000      11.6000      11.3000      11.8500      13.0000      10.7000      11.4000      37           384         
1733         五鼎         18.0000      18.9500      18.0000      18.8000      20.6500      16.9500      18.8000      12           266         
1734         杏輝         14.5500      15.4500      14.2000      15.0000      16.5000      13.5000      15.2000      22           668         
1736         喬山         42.0000      42.4500      39.5000      41.3000      45.4000      37.2000      42.0500      62           1920        
1760         寶齡富錦     58.5000      58.5000      54.6000      55.2000      60.7000      49.7000      56.1000      43           1193        
1762         中化生       27.6000      29.4500      26.3000      27.2500      29.9500      24.5500      28.8500      86           3005        
1783         和康生       13.0000      13.1500      12.6000      13.2500      14.5500      11.9500      13.1000      2            155         
1786         科妍         40.0500      42.1500      40.0000      41.8000      45.9500      37.6500      42.0500      3            151         
1789         神隆         23.2000      23.6500      22.5000      23.7500      26.1000      21.4000      23.2000      49           1815        
1795         美時         47.9000      47.9000      44.5500      49.5000      54.4000      44.5500      44.5500      35           2538        
3164         景岳         17.0000      17.0000      16.2000      18.0000      19.8000      16.2000      16.6000      16           387         
3705         永信         38.5000      42.7500      37.9500      38.9000      42.7500      35.0500      42.7500      12           2510        
4104         佳醫         47.7000      49.1500      47.5000      48.8000      53.6000      43.9500      48.5000      7            251         
4106         雃博         16.9000      19.0000      16.7000      17.3500      19.0500      15.6500      18.7000      42           985         
4108         懷特         10.5000      10.9500      10.2500      11.2500      12.3500      10.1500      10.5000      7            312         
4119         旭富         98.9000      101.0000     96.0000      92.0000      101.0000     82.8000      101.0000     6            3041        
4133         亞諾法       34.7000      34.7000      32.8000      34.7000      38.1500      31.2500      32.9500      83           2045        
4137         麗豐-KY      155.0000     156.0000     151.0000     159.0000     174.5000     143.5000     153.5000     19           332         
4141         龍燈-KY      9.8500       10.2000      9.7200       10.8000      11.8500      9.7200       9.7200       41           576         
4142         國光生       25.4500      25.4500      24.5000      26.5000      29.1500      23.8500      24.5500      508          12848       
4144         康聯-KY      17.2000      17.2000      16.5000      18.3000      20.1000      16.5000      16.5000      19           218         
4148         全宇生技-KY  19.9500      20.8000      19.0500      20.4000      22.4000      18.4000      20.3000      1            55          
4155         訊映         24.0500      24.9000      23.3000      24.7500      27.2000      22.3000      24.8000      11           357         
4164         承業醫       29.0000      29.3000      28.0500      29.9000      32.8500      26.9500      29.0500      6            147         
4190         佐登-KY      63.0000      63.0000      59.0000      64.0000      70.4000      57.6000      60.7000      7            160         
4737         華廣         51.0000      54.6000      51.0000      56.0000      61.6000      50.4000      53.6000      3            191         
4746         台耀         34.0000      34.3000      31.9500      35.4500      38.9500      31.9500      32.0500      38           3515        
6452         康友-KY      133.0000     133.0000     127.5000     141.5000     155.5000     127.5000     129.5000     29           1030        
6491         晶碩         88.0000      88.0000      81.5000      90.0000      99.0000      81.0000      84.3000      4            240         
6541         泰福-KY      26.8000      27.3500      25.3000      28.0500      30.8500      25.2500      26.5000      9            325         
6666         羅麗芬-KY    98.9000      98.9000      95.5000      98.9000      108.5000     89.1000      -            -            29          