股票代號    公司簡稱    開盤        最高        最低        昨收        漲停價      跌停價      當盤成交價  當盤成交量  累積成交量  
2302        麗正        4.68        4.80        4.55        4.49        4.93        4.05        4.73        2           170         
2303        聯電        13.80       14.40       13.80       13.70       15.05       12.35       13.85       25440       156999      
2329        華泰        8.18        8.81        8.18        8.01        8.81        7.21        8.81        29          4006        
2330        台積電      258.50      270.00      256.00      248.00      272.50      223.50      270.00      26925       156269      
2337        旺宏        23.15       24.25       22.85       22.05       24.25       19.85       24.25       68          59339       
2338        光罩        21.40       22.40       21.20       20.45       22.45       18.45       22.05       113         6735        
2342        茂矽        19.65       20.55       18.95       18.95       20.80       17.10       18.95       442         10746       
2344        華邦電      10.50       11.10       10.50       10.15       11.15       9.14        10.75       2097        43915       
2351        順德        38.40       38.40       36.20       35.05       38.55       31.55       36.20       29          805         
2363        矽統        6.77        6.77        6.77        6.16        6.77        5.55        6.77        15          710         
2369        菱生        7.10        7.58        7.10        7.03        7.73        6.33        7.43        90          2592        
2379        瑞昱        166.00      176.50      166.00      162.00      178.00      146.00      171.00      842         6830        
2388        威盛        17.50       18.45       17.30       16.95       18.60       15.30       18.00       71          1240        
2401        凌陽        7.79        8.08        7.61        7.42        8.16        6.68        7.99        55          1813        
2408        南亞科      47.10       49.70       47.10       45.20       49.70       40.70       48.65       1667        29838       
2434        統懋        5.70        5.86        5.35        5.86        6.44        5.28        -           -           12          
2436        偉詮電      20.50       21.50       20.40       19.75       21.70       17.80       21.00       61          1992        
2441        超豐        35.40       37.35       35.40       35.00       38.50       31.50       35.80       216         1368        
2449        京元電子    31.50       31.80       30.70       29.60       32.55       26.65       30.70       612         14497       
2451        創見        68.50       72.50       66.10       69.20       76.10       62.30       66.10       587         1780        
2454        聯發科      296.00      301.00      287.00      274.00      301.00      247.00      301.00      856         17020       
2458        義隆        73.10       76.50       72.70       70.00       77.00       63.00       75.20       103         5401        
2481        強茂        14.30       15.05       14.30       13.70       15.05       12.35       15.05       14          2430        
3006        晶豪科      25.20       26.35       24.90       24.05       26.45       21.65       25.95       93          2779        
3014        聯陽        36.00       37.55       35.90       34.15       37.55       30.75       37.55       46          2733        
3016        嘉晶        48.00       49.95       47.55       45.85       50.40       41.30       47.65       382         12490       
3034        聯詠        154.50      164.00      145.50      152.00      167.00      137.00      152.00      1247        14637       
3035        智原        30.70       32.05       30.50       29.15       32.05       26.25       32.05       18          3240        
3041        揚智        11.95       12.65       11.80       11.55       12.70       10.40       12.35       97          3392        
3054        立萬利      20.70       23.45       20.70       21.60       23.75       19.45       22.90       7           59          
3094        聯傑        14.30       15.30       14.30       14.25       15.65       12.85       15.00       16          456         
3189        景碩        32.60       33.95       31.90       31.05       34.15       27.95       33.40       160         7519        
3257        虹冠電      45.20       46.90       45.20       45.10       49.60       40.60       46.00       8           170         
3413        京鼎        95.10       101.50      95.10       92.70       101.50      83.50       101.50      10          1843        
3443        創意        166.00      174.00      166.00      160.00      176.00      144.00      170.00      75          1517        
3530        晶相光      63.20       67.70       63.10       62.10       68.30       55.90       66.30       105         3382        
3532        台勝科      131.50      138.50      131.50      126.00      138.50      113.50      138.00      81          2594        
3536        誠創        2.89        3.16        2.65        2.89        3.17        2.61        -           -           121         
3545        敦泰        26.30       27.10       25.90       25.10       27.60       22.60       26.65       172         6182        
3583        辛耘        35.00       36.95       35.00       34.10       37.50       30.70       36.25       8           571         
3588        通嘉        20.15       22.75       20.15       20.70       22.75       18.65       22.15       14          377         
3661        世芯-KY     156.00      163.00      154.50      148.50      163.00      134.00      161.50      295         8386        
3686        達能        3.00        3.09        2.86        2.95        3.24        2.66        2.90        17          908         
3711        日月光投控  51.00       54.50       51.00       50.20       55.20       45.20       54.20       6554        28973       
4919        新唐        27.60       29.50       27.60       27.20       29.90       24.50       29.15       44          1590        
4952        凌通        23.90       25.60       23.90       23.50       25.85       21.15       25.20       18          370         
4961        天鈺        20.00       21.20       20.00       19.30       21.20       17.40       21.20       5           829         
4967        十銓        27.15       28.45       25.00       26.45       29.05       23.85       25.80       357         15209       
4968        立積        96.50       101.50      94.50       92.70       101.50      83.50       101.50      5           5018        
5269        祥碩        639.00      670.00      622.00      617.00      678.00      556.00      626.00      89          2148        
5285        界霖        37.35       37.45       35.75       34.05       37.45       30.65       37.35       5           399         
5305        敦南        37.35       38.30       37.35       37.30       41.00       33.60       37.75       26          515         
5471        松翰        32.65       33.90       32.65       31.10       34.20       28.00       33.85       169         4512        
6202        盛群        57.80       60.00       57.40       55.00       60.50       49.50       60.00       119         1842        
6239        力成        70.30       74.40       68.80       68.90       75.70       62.10       70.60       2061        13439       
6243        迅杰        5.05        5.80        5.05        5.56        6.11        5.01        5.76        4           372         
6257        矽格        28.60       30.10       28.60       27.40       30.10       24.70       30.05       103         5461        
6271        同欣電      93.60       97.00       91.10       89.10       98.00       80.20       96.20       73          4411        
6415        矽力-KY     770.00      770.00      770.00      700.00      770.00      630.00      770.00      111         357         
6451        訊芯-KY     72.00       77.20       71.70       70.20       77.20       63.20       75.30       41          2418        
6525        捷敏-KY     43.00       45.90       43.00       41.95       46.10       37.80       45.25       10          223         
6531        愛普        77.00       81.60       74.60       74.20       81.60       66.80       81.60       10          5485        
6533        晶心科      69.40       72.70       68.40       66.10       72.70       59.50       72.70       1           697         
6552        易華電      41.60       43.50       41.20       40.20       44.20       36.20       41.50       43          1669        
6573        虹揚-KY     13.10       14.35       13.10       13.85       15.20       12.50       13.55       1           153         
8016        矽創        105.50      110.50      103.50      101.00      111.00      90.90       107.50      134         3757        
8028        昇陽半導體  38.00       39.50       37.10       35.95       39.50       32.40       39.50       7           2893        
8081        致新        89.90       94.20       89.90       86.00       94.60       77.40       93.70       40          1724        
8110        華東        7.08        7.17        6.81        6.52        7.17        5.87        7.17        8           1582        
8131        福懋科      29.50       31.10       29.50       28.70       31.55       25.85       30.50       34          1071        
8150        南茂        25.00       26.35       25.00       24.30       26.70       21.90       25.95       264         8256        
8261        富鼎        15.60       16.50       15.50       15.05       16.55       13.55       16.25       19          558         
8271        宇瞻        32.00       33.25       31.90       30.25       33.25       27.25       33.25       28          2279        
2301        光寶科      38.20       40.80       38.20       37.80       41.55       34.05       40.65       3673        14292       
2305        全友        3.59        3.74        3.53        3.49        3.83        3.15        3.67        22          433         
2324        仁寶        15.80       16.50       15.80       15.70       17.25       14.15       16.20       8059        25292       
2331        精英        7.57        7.98        7.56        7.47        8.21        6.73        7.84        39          838         
2352        佳世達      13.65       14.55       13.65       13.50       14.85       12.15       14.25       316         9824        
2353        宏        13.40       13.95       13.40       13.25       14.55       11.95       13.90       7331        24458       
2356        英業達      18.95       20.60       18.95       18.75       20.60       16.90       20.60       6234        15231       
2357        華碩        173.50      179.00      173.00      173.00      190.00      156.00      175.00      1203        6160        
2362        藍天        25.20       27.45       25.20       25.10       27.60       22.60       27.10       35          880         
2364        倫飛        1.30        1.54        1.30        1.40        1.54        1.26        -           -           86          
2365        昆盈        5.89        6.26        5.79        5.75        6.32        5.18        6.21        102         1020        
2376        技嘉        39.55       41.85       39.50       38.15       41.95       34.35       40.50       260         6421        
2377        微星        72.10       78.00       72.10       72.00       79.20       64.80       78.00       596         5714        
2380        虹光        3.20        3.30        3.10        3.07        3.37        2.77        3.20        10          223         
2382        廣達        52.40       56.00       52.40       51.70       56.80       46.55       54.80       2868        17781       
2387        精元        22.55       23.80       22.10       21.80       23.95       19.65       23.20       75          2105        
2395        研華        226.50      246.00      226.50      230.00      253.00      207.00      240.50      489         2151        
2397        友通        56.00       59.10       56.00       54.20       59.60       48.80       58.50       5           196         
2399        映泰        6.80        7.24        6.80        6.75        7.42        6.08        7.18        29          989         
2405        浩鑫        6.31        6.82        6.31        6.24        6.86        5.62        6.72        44          1635        
2417        圓剛        8.29        8.88        8.29        8.19        9.00        7.38        8.69        25          1960        
2424        隴華        21.00       21.00       21.00       21.00       23.10       18.90       -           -           1           
2425        承啟        24.45       25.70       24.45       24.50       26.95       22.05       25.60       28          652         
2442        新美齊      5.27        5.79        5.27        5.27        5.79        4.75        5.77        39          2569        
2465        麗臺        5.55        5.99        5.55        5.45        5.99        4.91        5.86        7           255         
3002        歐格        8.73        8.95        8.73        8.45        9.29        7.61        -           -           36          
3005        神基        39.95       43.00       39.95       39.10       43.00       35.20       43.00       15          1412        
3013        晟銘電      10.15       10.60       10.15       10.15       11.15       9.14        10.60       92          790         
3017        奇鋐        27.50       28.40       27.30       25.85       28.40       23.30       28.40       29          8945        
3022        威強電      28.55       30.50       28.45       27.75       30.50       25.00       30.25       19          672         
3046        建        6.50        6.89        6.50        6.62        7.28        5.96        6.62        3           53          
3057        喬鼎        3.92        4.06        3.92        3.91        4.30        3.52        4.05        8           374         
3060        銘異        10.60       10.85       10.30       9.90        10.85       8.91        10.85       3           1513        
3231        緯創        18.90       20.50       18.90       18.65       20.50       16.80       20.40       5060        26504       
3416        融程電      48.95       50.80       48.95       48.90       53.70       44.05       50.10       1           163         
3494        誠研        3.22        3.26        3.10        3.01        3.31        2.71        3.19        4           236         
3515        華擎        86.00       88.90       83.50       80.90       88.90       72.90       88.90       25          2619        
3701        大眾控      11.60       11.60       11.60       11.35       12.45       10.25       -           -           1           
3706        神達        24.30       25.50       24.00       23.40       25.70       21.10       25.10       464         13810       
3712        永崴投控    9.55        9.99        9.35        9.09        9.99        8.19        9.99        16          965         
4916        事欣科      21.00       21.75       21.00       20.40       22.40       18.40       21.70       14          542         
4938        和碩        49.00       52.70       49.00       48.10       52.90       43.30       51.80       2821        12589       
5215        科嘉-KY     48.00       49.90       47.95       45.40       49.90       40.90       49.90       7           942         
5258        虹堡        15.20       16.20       15.20       14.75       16.20       13.30       16.20       1           438         
5264        鎧勝-KY     36.50       37.45       36.00       34.50       37.95       31.05       37.00       124         3198        
6117        迎廣        10.05       11.00       10.05       10.35       11.35       9.32        -           -           33          
6128        上福        23.80       25.25       23.80       24.00       26.40       21.60       25.15       3           331         
6166        凌華        61.00       64.20       58.60       58.40       64.20       52.60       59.90       398         3276        
6172        互億        19.05       20.45       18.80       18.95       20.80       17.10       20.40       54          603         
6206        飛捷        56.00       59.70       56.00       54.50       59.90       49.05       59.00       20          383         
6230        超眾        227.00      227.00      213.50      207.50      228.00      187.00      213.50      317         4846        
6235        華孚        7.16        7.55        7.16        7.16        7.87        6.45        7.45        8           403         
6277        宏正        72.10       75.50       72.10       71.10       78.20       64.00       75.50       74          349         
6414        樺漢        133.50      137.00      128.00      129.00      141.50      116.50      132.50      83          2983        
6579        研揚        56.50       57.50       56.20       54.40       59.80       49.00       -           -           39          
6591        動力-KY     29.80       30.80       29.05       28.35       31.15       25.55       30.70       22          569         
6669        緯穎        613.00      628.00      590.00      577.00      634.00      520.00      611.00      733         3730        
8114        振樺電      65.30       70.00       65.30       65.90       72.40       59.40       69.60       20          300         
8163        達方        26.30       28.45       26.30       25.90       28.45       23.35       28.40       47          2431        
8210        勤誠        68.40       70.70       67.00       64.30       70.70       57.90       70.60       20          1705        
9912        偉聯        5.65        5.96        5.60        5.65        6.21        5.09        5.78        1           52          
2323        中環        6.10        6.38        6.07        5.93        6.52        5.34        6.24        433         16157       
2340        光磊        15.05       15.45       14.90       14.05       15.45       12.65       15.45       57          2300        
2349        錸德        3.63        3.78        3.51        3.44        3.78        3.10        3.78        51          6695        
2374        佳能        9.24        9.98        9.24        9.23        10.15       8.31        9.85        43          570         
2393        億光        22.10       23.15       22.05       21.15       23.25       19.05       22.90       103         2973        
2406        國碩        8.09        8.40        8.00        7.83        8.61        7.05        8.16        75          2331        
2409        友達        6.56        6.95        6.56        6.39        7.02        5.76        6.67        22386       152204      
2426        鼎元        8.28        8.88        8.28        8.10        8.91        7.29        8.79        45          1121        
2438        翔耀        5.00        5.30        5.00        5.00        5.50        4.50        -           -           34          
2448        晶電        25.90       26.25       24.95       23.90       26.25       21.55       26.10       716         23196       
2466        冠西電      31.10       31.40       31.10       31.30       34.40       28.20       31.40       1           56          
2486        一詮        5.35        5.43        5.08        4.97        5.46        4.48        5.39        10          682         
2489        瑞軒        6.06        6.49        6.06        6.00        6.60        5.40        6.44        135         2373        
2491        吉祥全      6.59        6.83        6.59        6.21        6.83        5.59        6.83        3           136         
2499        東貝        5.66        6.08        5.66        5.61        6.17        5.05        5.84        253         2275        
3008        大立光      3570.00     3575.00     3420.00     3250.00     3575.00     2925.00     3575.00     99          1512        
3019        亞光        54.80       57.50       54.00       52.30       57.50       47.10       57.50       112         5012        
3024        憶聲        6.25        6.39        6.10        6.10        6.71        5.49        6.16        34          581         
3031        佰鴻        9.19        10.05       9.19        9.18        10.05       8.27        10.05       9           564         
3038        全台        12.50       12.85       12.30       11.70       12.85       10.55       12.80       25          1798        
3049        和鑫        8.50        9.18        8.50        8.40        9.24        7.56        8.91        381         11254       
3050        鈺德        7.58        8.00        7.50        7.30        8.03        6.57        7.97        3           606         
3051        力特        2.94        3.09        2.91        2.83        3.11        2.55        -           -           296         
3059        華晶科      16.90       18.00       16.60       16.60       18.25       14.95       17.30       46          2281        
3149        正達        4.48        4.91        4.48        4.47        4.91        4.03        4.90        25          904         
3356        奇偶        16.60       17.40       16.60       16.20       17.80       14.60       16.65       27          504         
3383        新世紀      4.15        4.20        3.83        3.99        4.38        3.60        -           -           65          
3406        玉晶光      320.00      327.00      308.50      297.50      327.00      268.00      327.00      14          10137       
3437        榮創        10.00       10.75       10.00       9.81        10.75       8.83        10.75       52          1311        
3454        晶睿        59.10       63.30       59.10       58.70       64.50       52.90       61.00       21          362         
3481        群創        5.18        5.57        5.18        5.08        5.58        4.58        5.36        39077       254767      
3504        揚明光      38.35       41.00       38.35       38.35       42.15       34.55       40.10       71          807         
3535        晶彩科      9.70        10.45       9.70        9.54        10.45       8.59        10.45       2           1484        
3557        嘉威        35.00       37.95       35.00       34.65       38.10       31.20       36.80       10          362         
3563        牧德        215.00      221.50      212.50      201.50      221.50      181.50      220.00      46          1990        
3576        聯合再生    4.50        4.70        4.45        4.33        4.76        3.90        4.51        815         10784       
3591        艾笛森      8.30        8.30        7.80        7.55        8.30        6.80        8.30        3           448         
3622        洋華        14.80       16.20       14.80       14.80       16.25       13.35       15.95       13          472         
3669        圓展        21.55       22.90       20.15       20.85       22.90       18.80       20.20       212         3294        
3673        TPK-KY      32.70       34.60       32.70       31.70       34.85       28.55       34.00       293         4128        
3698        隆達        10.05       10.70       10.05       9.77        10.70       8.80        10.70       19          1960        
4934        太極        9.80        10.35       9.70        9.41        10.35       8.47        10.35       68          3031        
4935        茂林-KY     79.30       80.00       78.00       72.80       80.00       65.60       80.00       11          2238        
4942        嘉彰        26.05       27.35       26.05       25.30       27.80       22.80       27.00       47          634         
4956        光鋐        7.45        8.05        7.45        7.41        8.15        6.67        7.97        2           500         
4960        誠美材      4.07        4.09        3.82        3.73        4.10        3.36        -           -           768         
4976        佳凌        12.45       13.35       12.45       12.15       13.35       10.95       13.35       3           1155        
5234        達興材料    61.60       66.60       61.60       61.30       67.40       55.20       64.90       23          629         
5243        乙盛-KY     23.65       25.10       23.65       22.85       25.10       20.60       25.05       20          709         
5484        慧友        6.97        6.97        6.96        6.97        7.66        6.28        -           -           63          
6116        彩晶        4.85        5.12        4.85        4.66        5.12        4.20        5.10        450         26636       
6120        達運        7.68        8.34        7.68        7.66        8.42        6.90        7.93        183         3684        
6131        鈞泰        2.90        2.90        2.65        2.86        3.14        2.58        2.66        55          904         
6164        華興        4.74        4.88        4.47        4.44        4.88        4.00        4.85        60          751         
6168        宏齊        8.95        9.83        8.95        8.94        9.83        8.05        9.83        4           979         
6176        瑞儀        73.00       76.10       73.00       69.70       76.60       62.80       75.00       176         4428        
6209        今國光      14.05       15.20       14.05       13.85       15.20       12.50       15.20       4           1256        
6225        天瀚        1.93        1.93        1.81        1.95        2.14        1.76        1.81        3           4           
6226        光鼎        5.90        6.23        5.90        5.72        6.29        5.15        6.17        106         840         
6278        台表科      57.40       60.40       56.70       55.30       60.80       49.80       57.30       323         10329       
6289        華上        1.50        1.50        1.45        1.41        1.55        1.27        -           -           63          
6405        悅城        9.21        10.30       9.21        9.90        10.85       8.91        -           -           128         
6431        光麗-KY     19.90       19.90       19.00       18.45       20.25       16.65       -           -           29          
6443        元晶        4.45        4.58        4.41        4.24        4.66        3.82        4.45        53          1642        
6456        GIS-KY      66.10       69.70       66.10       63.40       69.70       57.10       69.70       20          3377        
6477        安集        15.60       16.80       15.60       15.50       17.05       13.95       16.40       6           444         
6668        中揚光      44.00       47.50       44.00       43.65       48.00       39.30       46.60       28          1509        
6706        惠特        62.90       66.20       62.90       60.50       66.50       54.50       65.00       17          1009        
8104        錸寶        25.00       26.80       25.00       24.40       26.80       22.00       26.80       1           168         
8105        凌巨        7.10        7.90        7.10        7.28        8.00        6.56        7.81        60          2461        
8215        明基材      12.00       12.65       12.00       11.50       12.65       10.35       12.65       2           2416        
2314        台揚        11.95       13.30       11.95       12.10       13.30       10.90       13.20       28          2282        
2321        東訊        1.17        1.21        1.17        1.28        1.40        1.16        1.21        44          92          
2332        友訊        8.17        8.88        8.17        8.08        8.88        7.28        8.88        119         6377        
2345        智邦        153.50      161.00      140.50      149.00      163.50      134.50      152.00      4114        22562       
2412        中華電      106.00      106.50      104.50      105.50      116.00      95.00       106.50      5434        24622       
2419        仲琦        14.70       16.05       14.70       14.70       16.15       13.25       15.70       103         1704        
2439        美律        119.00      124.50      119.00      114.00      125.00      103.00      121.50      187         3689        
2444        兆勁        13.10       13.40       12.30       13.25       14.55       11.95       13.30       148         1760        
2450        神腦        25.65       26.50       25.65       25.65       28.20       23.10       26.30       11          198         
2455        全新        65.60       67.30       64.20       61.20       67.30       55.10       67.30       16          3071        
2485        兆赫        11.40       12.25       11.40       11.25       12.35       10.15       12.00       31          1424        
2498        宏達電      29.80       30.50       29.40       28.40       31.20       25.60       29.45       1319        20465       
3025        星通        12.20       13.55       12.20       12.65       13.90       11.40       13.55       4           339         
3027        盛達        5.16        5.41        5.11        5.16        5.67        4.65        5.27        9           224         
3045        台灣大      100.50      101.50      99.80       100.00      110.00      90.00       99.90       2874        12581       
3047        訊舟        5.65        5.92        5.48        5.45        5.99        4.91        5.79        20          1430        
3062        建漢        10.70       11.20       10.60       10.20       11.20       9.18        11.20       41          2451        
3311        閎暉        18.00       18.85       18.00       17.85       19.60       16.10       18.80       6           157         
3380        明泰        14.15       15.45       14.15       14.10       15.50       12.70       15.40       94          5611        
3419        譁裕        9.07        9.61        9.07        8.74        9.61        7.87        -           -           799         
3596        智易        60.00       61.90       59.10       56.30       61.90       50.70       61.90       10          3246        
3682        亞太電      5.15        5.50        5.14        5.05        5.55        4.55        5.43        779         10257       
3694        海華        11.20       11.80       11.10       10.85       11.90       9.77        11.25       5           236         
3704        合勤控      11.70       12.25       11.70       11.15       12.25       10.05       12.00       56          2702        
4904        遠傳        62.00       63.30       61.60       62.40       68.60       56.20       62.00       1997        8839        
4906        正文        15.70       16.25       15.40       14.80       16.25       13.35       16.25       23          2925        
4977        眾達-KY     74.30       77.50       71.70       72.10       79.30       64.90       74.50       130         4787        
5388        中磊        57.50       61.30       57.50       56.80       62.40       51.20       60.60       74          2318        
6136        富爾特      14.35       15.50       14.35       14.35       15.75       12.95       15.05       6           197         
6142        友勁        4.03        4.28        4.03        4.00        4.40        3.60        4.26        3           356         
6152        百一        4.00        4.34        4.00        3.95        4.34        3.56        4.34        1           175         
6216        居易        20.60       22.35       20.60       20.35       22.35       18.35       22.10       1           300         
6285        啟        46.45       49.60       46.45       45.10       49.60       40.60       49.05       473         3823        
6416        瑞祺電通    109.00      113.50      105.00      103.50      113.50      93.20       111.00      108         4893        
6442        光聖        32.05       34.15       32.05       31.30       34.40       28.20       33.95       1           126         
6674        鋐寶科技    16.45       17.00       16.45       15.60       17.15       14.05       16.60       3           69          
8011        台通        10.50       10.75       10.40       9.95        10.90       8.96        10.70       9           840         
8101        華冠        3.66        3.83        3.66        3.49        3.83        3.15        3.83        22          671         
1471        首利        1.32        1.60        1.32        1.46        1.60        1.32        -           -           159         
1582        信錦        62.20       66.00       62.20       60.80       66.80       54.80       64.80       60          764         
2059        川湖        305.00      306.00      297.00      296.00      325.50      266.50      298.00      14          301         
2308        台達電      113.00      118.50      112.00      111.00      122.00      99.90       117.50      2441        13600       
2313        華通        25.00       25.85       24.90       23.50       25.85       21.15       25.85       422         47934       
2316        楠梓電      22.70       23.45       22.45       21.35       23.45       19.25       23.10       52          4285        
2327        國巨        244.00      252.00      239.00      229.50      252.00      207.00      252.00      131         25187       
2328        廣宇        15.45       16.30       15.45       15.05       16.55       13.55       15.85       91          3196        
2355        敬鵬        20.30       20.75       20.00       19.45       21.35       17.55       20.60       105         2215        
2367        燿華        16.00       16.90       16.00       15.40       16.90       13.90       16.90       87          12170       
2368        金像電      18.10       18.85       17.65       17.20       18.90       15.50       18.00       2350        82727       
2375        凱美        26.00       27.50       25.60       25.25       27.75       22.75       27.00       99          3498        
2383        台光電      94.20       99.00       94.20       90.00       99.00       81.00       97.50       208         5993        
2385        群光        73.90       77.80       72.00       73.10       80.40       65.80       72.00       1311        3978        
2392        正崴        24.30       25.70       24.30       23.40       25.70       21.10       25.70       24          2981        
2402        毅嘉        9.51        10.35       9.51        9.50        10.45       8.55        9.95        118         3511        
2413        環科        8.10        8.81        8.10        8.01        8.81        7.21        8.81        3           347         
2415        錩新        10.30       11.20       10.30       10.20       11.20       9.18        11.15       3           314         
2420        新巨        26.10       27.65       26.10       25.90       28.45       23.35       27.60       3           590         
2421        建準        30.85       32.20       29.30       29.30       32.20       26.40       29.30       2134        5027        
2428        興勤        62.90       65.20       62.00       59.30       65.20       53.40       64.80       19          776         
2429        銘旺科      15.30       17.15       15.30       15.60       17.15       14.05       17.15       7           263         
2431        聯昌        5.75        6.20        5.75        5.64        6.20        5.08        6.20        2           438         
2440        太空梭      6.20        6.93        5.67        6.30        6.93        5.67        6.93        7           153         
2456        奇力新      70.20       73.50       68.60       67.10       73.80       60.40       72.00       255         11101       
2457        飛宏        5.10        5.50        5.10        5.04        5.54        4.54        5.36        74          1787        
2460        建通        6.43        6.80        6.43        6.49        7.13        5.85        6.53        9           154         
2462        良得電      24.50       25.10       24.00       24.15       26.55       21.75       25.10       8           267         
2467        志聖        23.50       24.80       23.50       22.55       24.80       20.30       24.80       23          1153        
2472        立隆電      24.50       25.30       23.80       23.45       25.75       21.15       25.05       28          598         
2476        鉅祥        16.35       17.45       16.35       16.25       17.85       14.65       17.10       1           174         
2478        大毅        48.60       50.90       47.75       46.35       50.90       41.75       50.20       166         11773       
2483        百容        14.25       15.50       14.25       14.25       15.65       12.85       14.95       3           260         
2484        希華        14.10       14.90       14.10       13.55       14.90       12.20       14.90       15          1026        
2492        華新科      138.50      143.50      136.50      130.50      143.50      117.50      143.50      82          13886       
2493        揚博        21.95       23.85       21.95       21.70       23.85       19.55       23.85       26          501         
3003        健和興      28.85       30.60       28.85       28.30       31.10       25.50       29.75       12          640         
3011        今皓        3.99        4.38        3.99        3.99        4.38        3.60        4.24        10          250         
3015        全漢        15.95       15.95       15.95       14.50       15.95       13.05       15.95       10          241         
3021        鴻名        10.60       11.50       10.60       10.60       11.65       9.54        11.05       9           207         
3023        信邦        93.90       101.00      93.90       92.00       101.00      82.80       101.00      9           2534        
3026        禾伸堂      79.20       82.80       78.60       75.30       82.80       67.80       82.80       116         4208        
3032        偉訓        20.65       22.45       20.65       20.65       22.70       18.60       21.90       21          399         
3037        欣興        26.70       27.05       26.05       24.60       27.05       22.15       27.05       771         27852       
3042        晶技        39.00       39.50       37.25       36.15       39.75       32.55       38.65       295         8421        
3044        健鼎        83.00       86.00       82.30       79.20       87.10       71.30       84.40       226         2626        
3058        立德        4.76        4.95        4.70        4.68        5.14        4.22        4.95        6           522         
3090        日電貿      33.90       36.00       33.80       32.85       36.10       29.60       35.60       67          2667        
3229        晟鈦        8.75        9.19        8.50        8.37        9.20        7.54        9.14        2           111         
3296        勝德        12.65       12.65       11.90       11.80       12.95       10.65       12.50       15          53          
3308        聯德        4.34        4.34        4.02        4.00        4.40        3.60        -           -           10          
3321        同泰        6.20        6.66        6.20        6.20        6.82        5.58        6.54        11          336         
3338        泰碩        76.00       77.00       73.40       70.00       77.00       63.00       77.00       17          8332        
3376        新日興      95.00       98.00       92.10       89.10       98.00       80.20       98.00       13          3131        
3432        台端        8.35        8.75        8.35        8.30        9.13        7.47        8.70        15          59          
3501        維熹        36.50       38.80       36.50       35.95       39.50       32.40       38.80       2           203         
3533        嘉澤        225.00      231.50      223.00      210.50      231.50      189.50      231.50      6           1007        
3550        聯穎        8.92        9.89        8.92        9.32        10.25       8.39        9.85        3           364         
3593        力銘        7.40        7.40        7.15        7.12        7.83        6.41        -           -           22          
3605        宏致        16.65       17.80       16.65       16.25       17.85       14.65       17.60       21          928         
3607        谷崧        7.80        8.45        7.80        7.71        8.48        6.94        8.40        4           330         
3645        達邁        24.80       25.90       24.30       23.85       26.20       21.50       25.75       44          681         
3653        健策        134.00      139.50      130.00      128.00      140.50      115.50      134.50      295         7340        
3679        新至陞      45.40       45.40       44.60       41.30       45.40       37.20       45.40       5           78          
4545        銘鈺        20.25       21.40       20.20       20.25       22.25       18.25       21.25       9           203         
4912        聯德控股-KY 59.50       65.90       59.50       62.70       68.90       56.50       63.90       6           153         
4915        致伸        35.20       37.20       35.20       34.00       37.40       30.60       36.55       98          3838        
4927        泰鼎-KY     50.50       51.90       48.85       47.20       51.90       42.50       51.40       95          8770        
4943        康控-KY     84.20       87.90       84.00       80.40       88.40       72.40       85.50       147         3680        
4958        臻鼎-KY     75.80       80.30       74.50       73.00       80.30       65.70       78.50       5601        22603       
4989        榮科        11.85       12.95       11.85       11.80       12.95       10.65       12.90       3           322         
4999        鑫禾        27.50       29.00       27.50       27.40       30.10       24.70       27.90       7           134         
5469        瀚宇博      29.00       30.15       28.00       27.45       30.15       24.75       28.00       2710        10859       
6108        競國        16.00       17.30       16.00       15.95       17.50       14.40       17.10       11          676         
6115        鎰勝        36.15       39.20       36.15       36.15       39.75       32.55       38.70       5           235         
6133        金橋        6.14        6.37        6.14        6.12        6.73        5.51        -           -           82          
6141        柏承        13.00       13.80       12.90       12.55       13.80       11.30       13.50       35          1792        
6153        嘉聯益      19.95       21.25       19.95       19.35       21.25       17.45       21.10       245         8274        
6155        鈞寶        16.00       17.05       16.00       15.50       17.05       13.95       17.05       13          607         
6165        捷泰        14.05       15.45       14.05       14.05       15.45       12.65       15.15       14          435         
6191        精成科      10.50       11.10       10.50       10.10       11.10       9.09        10.90       129         2119        
6197        佳必琪      20.30       21.65       20.30       19.80       21.75       17.85       21.65       9           506         
6205        詮欣        17.65       18.50       17.65       17.65       19.40       15.90       18.50       3           48          
6213        聯茂        125.00      130.00      122.50      119.50      131.00      108.00      124.00      462         13397       
6224        聚鼎        48.50       51.20       48.50       47.05       51.70       42.35       51.00       7           292         
6251        定穎        12.35       12.85       12.25       11.75       12.90       10.60       12.75       239         4916        
6269        台郡        86.80       87.40       85.30       79.50       87.40       71.60       87.20       129         6432        
6282        康舒        16.10       16.85       16.00       15.35       16.85       13.85       16.85       160         3564        
6412        群電        46.05       48.60       44.00       45.30       49.80       40.80       44.00       1900        3082        
6449        鈺邦        20.30       21.50       20.30       19.95       21.90       18.00       21.00       4           259         
6672        騰輝電子-KY 69.10       73.00       69.10       66.40       73.00       59.80       72.40       12          929         
6715        嘉基        65.00       69.30       65.00       63.00       69.30       56.70       69.30       3           316         
8039        台虹        38.00       39.05       36.80       35.60       39.15       32.05       38.50       73          3207        
8046        南電        44.90       46.90       42.70       42.85       47.10       38.60       43.00       1218        19606       
8103        瀚荃        16.80       17.90       16.80       16.30       17.90       14.70       -           -           316         
8213        志超        25.00       26.40       25.00       24.10       26.50       21.70       26.30       56          1462        
8249        菱光        15.15       16.20       15.15       14.90       16.35       13.45       16.10       6           387         
2347        聯強        33.80       34.65       33.60       33.50       36.85       30.15       33.75       1777        6683        
2414        精技        18.90       19.70       18.90       18.40       20.20       16.60       19.70       11          298         
2430        燦坤        12.10       13.10       12.10       12.20       13.40       11.00       12.75       3           172         
2459        敦吉        34.10       36.00       34.10       33.80       37.15       30.45       35.80       1           152         
3010        華立        42.80       45.85       42.80       42.40       46.60       38.20       44.70       21          526         
3028        增你強      15.50       16.55       15.50       15.40       16.90       13.90       16.30       15          640         
3033        威健        10.60       12.00       10.60       11.00       12.10       9.90        11.90       14          1859        
3036        文曄        31.50       33.80       31.50       31.20       34.30       28.10       32.60       377         1983        
3048        益登        13.50       14.00       13.10       12.90       14.15       11.65       13.70       21          1546        
3055        蔚華科      25.00       25.30       24.35       23.80       26.15       21.45       25.15       5           397         
3209        全科        15.85       16.60       15.85       15.50       17.05       13.95       16.55       4           685         
3312        弘憶股      10.20       10.85       10.20       9.95        10.90       8.96        10.75       7           802         
3528        安馳        35.00       35.00       33.90       32.80       36.05       29.55       34.00       2           53          
3702        大聯大      31.80       33.90       31.80       31.45       34.55       28.35       33.25       1291        7991        
3702A       大聯大甲特  43.85       46.70       43.85       43.40       47.70       39.10       45.70       1           805         
5434        崇越        79.00       82.60       78.50       75.60       83.10       68.10       80.50       61          1322        
6189        豐藝        26.60       28.10       26.60       26.05       28.65       23.45       28.00       21          983         
6281        全國電      58.60       62.40       58.60       58.10       63.90       52.30       61.60       4           155         
8070        長華        124.00      130.00      124.00      119.50      131.00      108.00      128.50      14          311         
8072        陞泰        20.00       20.40       20.00       20.05       22.05       18.05       20.10       2           161         
8112        至上        28.10       29.05       28.00       26.70       29.35       24.05       28.40       273         5963        
2427        三商電      9.07        9.38        9.07        9.20        10.10       8.28        9.27        20          195         
2453        凌群        10.90       11.85       10.90       10.80       11.85       9.72        11.75       16          537         
2468        華經        11.60       12.20       11.50       11.15       12.25       10.05       -           -           490         
2471        資通        15.90       16.00       15.50       15.05       16.55       13.55       15.90       10          404         
2480        敦陽科      48.25       51.50       48.20       48.10       52.90       43.30       51.00       97          2390        
3029        零壹        27.05       27.95       26.60       25.50       28.05       22.95       27.45       82          2399        
3130        一零四      128.00      130.00      128.00      123.50      135.50      111.50      129.00      2           20          
4994        傳奇        41.00       43.00       40.95       40.05       44.05       36.05       40.95       25          289         
5203        訊連        83.50       89.20       83.50       81.10       89.20       73.00       87.70       41          1108        
6112        聚碩        30.05       31.60       30.05       29.00       31.90       26.10       31.20       27          1186        
6183        關貿        34.80       36.40       34.80       34.55       38.00       31.10       36.40       3           387         
6214        精誠        68.20       72.60       68.20       67.00       73.70       60.30       71.80       43          1373        
2312        金寶        9.00        9.49        8.99        8.73        9.60        7.86        9.49        558         4020        
2317        鴻海        68.00       71.40       68.00       66.30       72.90       59.70       70.80       16980       102192      
2354        鴻準        46.90       50.30       46.90       46.20       50.80       41.60       49.50       1949        6536        
2359        所羅門      14.60       15.60       14.60       14.20       15.60       12.80       15.40       31          878         
2360        致茂        104.00      106.50      101.50      98.80       108.50      89.00       104.50      84          2104        
2373        震旦行      83.90       83.90       80.20       80.70       88.70       72.70       83.00       25          68          
2390        云辰        7.58        7.68        7.02        7.35        8.08        6.62        7.20        341         7498        
2404        漢唐        137.00      144.50      137.00      131.50      144.50      118.50      142.00      75          2361        
2423        固緯        19.10       20.30       19.10       19.00       20.90       17.10       20.15       2           386         
2433        互盛電      42.90       45.20       42.90       42.45       46.65       38.25       44.70       7           296         
2461        光群雷      11.75       12.70       11.75       11.60       12.75       10.45       12.60       30          1757        
2464        盟立        26.70       28.10       26.65       25.60       28.15       23.05       27.80       13          1246        
2474        可成        183.00      193.00      183.00      177.00      194.50      159.50      188.00      977         8216        
2477        美隆電      15.95       17.45       15.95       15.90       17.45       14.35       17.10       7           418         
2482        連宇        9.36        9.59        9.33        9.05        9.95        8.15        9.59        32          201         
2488        漢平        23.30       25.00       23.30       23.20       25.50       20.90       24.80       12          326         
2495        普安        10.15       10.50       10.15       10.15       11.15       9.14        10.40       6           476         
3018        同開        15.45       15.45       14.80       14.10       15.50       12.70       15.00       57          416         
3030        德律        39.65       42.25       39.65       38.80       42.65       34.95       41.80       36          1263        
3043        科風        1.11        1.25        1.11        1.23        1.35        1.11        1.25        60          597         
3305        昇貿        17.45       17.80       17.15       16.90       18.55       15.25       -           -           165         
3450        聯鈞        55.00       57.50       54.50       52.30       57.50       47.10       57.50       71          5159        
3518        柏騰        16.30       17.95       16.30       16.35       17.95       14.75       17.95       7           515         
3617        碩天        70.90       74.50       70.20       68.30       75.10       61.50       72.50       15          681         
3665        貿聯-KY     140.00      145.00      138.50      133.50      146.50      120.50      141.50      132         3851        
5225        東科-KY     19.85       20.65       19.30       19.15       21.05       17.25       20.30       9           699         
6139        亞翔        17.40       21.00       17.40       19.20       21.10       17.30       20.75       26          1319        
6192        巨路        50.80       54.00       50.80       50.20       55.20       45.20       52.90       7           336         
6196        帆宣        49.85       52.60       49.15       47.90       52.60       43.15       51.00       309         2533        
6201        亞弘電      28.90       30.20       28.90       28.90       31.75       26.05       29.95       1           165         
6215        和椿        9.45        10.25       9.45        9.40        10.30       8.46        10.25       5           222         
6283        淳安        12.50       13.00       12.40       12.10       13.30       10.90       12.45       11          313         
6409        旭隼        582.00      613.00      574.00      570.00      627.00      513.00      590.00      6           151         
6558        興能高      27.50       29.00       27.50       26.70       29.35       24.05       28.40       34          1084        
6698        旭暉應材    36.60       38.80       36.60       36.10       39.70       32.50       38.00       9           620         
8021        尖點        15.00       16.05       15.00       14.60       16.05       13.15       16.00       16          1197        
8201        無敵        6.57        6.85        6.57        6.57        7.22        5.92        -           -           125         
1598        岱宇        29.70       33.95       29.70       32.95       36.20       29.70       33.30       57          4589        
1701        中化        16.10       16.70       16.10       15.60       17.15       14.05       16.35       77          1190        
1707        葡萄王      190.00      193.00      185.50      183.50      201.50      165.50      185.50      74          1326        
1720        生達        28.10       29.75       28.10       27.85       30.60       25.10       29.55       17          498         
1731        美吾華      11.00       11.85       11.00       10.80       11.85       9.72        11.85       245         1787        
1733        五鼎        18.45       19.00       18.00       17.30       19.00       15.60       18.80       34          659         
1734        杏輝        14.50       15.10       14.50       14.10       15.50       12.70       15.00       20          793         
1736        喬山        42.35       43.70       41.25       41.15       45.25       37.05       41.30       106         2996        
1760        寶齡富錦    55.20       55.20       55.20       50.20       55.20       45.20       55.20       8           308         
1762        中化生      27.05       27.85       27.05       26.20       28.80       23.60       27.25       62          1482        
1783        和康生      12.80       13.65       12.80       12.80       14.05       11.55       13.25       8           380         
1786        科妍        40.10       41.80       40.10       38.00       41.80       34.20       41.80       2           328         
1789        神隆        23.65       24.65       23.55       23.05       25.35       20.75       23.75       147         4705        
1795        美時        47.20       51.50       47.20       47.70       52.40       42.95       49.50       140         4289        
3164        景岳        18.10       18.20       17.75       17.55       19.30       15.80       18.00       5           264         
3705        永信        37.35       39.30       37.35       37.10       40.80       33.40       38.90       25          479         
4104        佳醫        47.10       49.35       47.10       46.40       51.00       41.80       48.80       12          473         
4106        雃博        16.90       17.80       16.90       16.35       17.95       14.75       17.35       13          394         
4108        懷特        11.00       11.45       10.75       10.80       11.85       9.72        11.25       12          657         
4119        旭富        88.40       92.00       86.50       83.70       92.00       75.40       92.00       18          2778        
4133        亞諾法      36.35       36.35       34.35       33.50       36.85       30.15       34.70       303         5808        
4137        麗豐-KY     156.00      162.50      155.50      151.00      166.00      136.00      159.00      15          554         
4141        龍燈-KY     10.65       11.10       10.65       10.65       11.70       9.59        10.80       9           501         
4142        國光生      27.00       27.45       26.45       25.95       28.50       23.40       26.50       583         17385       
4144        康聯-KY     17.65       18.95       17.65       18.20       20.00       16.40       18.30       62          406         
4148        全宇生技-KY 18.55       20.40       18.55       18.55       20.40       16.70       20.40       1           158         
4155        訊映        22.90       24.75       22.90       22.50       24.75       20.25       -           -           860         
4164        承業醫      28.60       30.10       28.15       27.65       30.40       24.90       29.90       13          375         
4190        佐登-KY     59.00       64.40       59.00       58.70       64.50       52.90       64.00       14          589         
4737        華廣        54.00       57.40       54.00       53.20       58.50       47.90       56.00       3           198         
4746        台耀        37.50       38.65       35.40       36.45       40.05       32.85       35.45       245         5739        
6452        康友-KY     136.00      142.00      134.50      129.50      142.00      117.00      141.50      33          1658        
6491        晶碩        90.00       94.00       89.60       89.20       98.10       80.30       90.00       15          361         
6541        泰福-KY     28.05       28.05       27.00       25.50       28.05       22.95       28.05       1           736         
6666        羅麗芬-KY   95.40       100.50      95.40       92.50       101.50      83.30       98.90       2           111         
